desc: I1 cache:         32768 B, 64 B, 8-way associative
desc: D1 cache:         32768 B, 64 B, 8-way associative
desc: LL cache:         3145728 B, 64 B, 12-way associative
cmd: ./main
events: Ir I1mr ILmr Dr D1mr DLmr Dw D1mw DLmw 
fl=/build/glibc-mXZSwJ/glibc-2.24/csu/../csu/init-first.c
fn=_init
52 8 1 1 0 0 0 4 0 0
58 4 1 1 1 0 0 1 1 1
65 5 1 1 4 0 0 0 0 0
70 1 0 0 0 0 0 1 1 1
71 1 0 0 0 0 0 1 1 1
72 2 0 0 1 1 0 1 1 1
86 4 0 0 0 0 0 1 0 0
94 1 0 0 0 0 0 1 0 0
99 6 0 0 5 0 0 0 0 0
fl=/build/glibc-mXZSwJ/glibc-2.24/csu/../csu/libc-start.c
fn=(below main)
134 10 1 1 0 0 0 8 0 0
138 6 1 1 1 0 0 1 0 0
220 2 0 0 0 0 0 0 0 0
221 4 0 0 0 0 0 1 0 0
243 4 0 0 2 0 0 0 0 0
246 2 0 0 0 0 0 0 0 0
247 5 0 0 4 0 0 1 0 0
251 4 1 1 2 0 0 0 0 0
266 2 0 0 0 0 0 0 0 0
278 2 0 0 0 0 0 1 0 0
279 2 0 0 0 0 0 0 0 0
284 2 0 0 1 1 0 1 0 0
285 2 0 0 1 1 0 1 0 0
288 2 0 0 0 0 0 1 0 0
291 6 0 0 5 0 0 1 0 0
325 4 1 1 0 0 0 1 0 0
fl=/build/glibc-mXZSwJ/glibc-2.24/csu/../sysdeps/generic/dl-hash.h
fn=_init
45 12 0 0 4 0 0 0 0 0
48 12 0 0 0 0 0 0 0 0
62 16 0 0 0 0 0 0 0 0
67 1 0 0 0 0 0 0 0 0
fl=/build/glibc-mXZSwJ/glibc-2.24/csu/../sysdeps/unix/sysv/linux/x86_64/init-first.c
fn=_init
36 10 2 2 0 0 0 4 0 0
38 4 0 0 0 0 0 1 0 0
39 2 0 0 0 0 0 0 0 0
40 2 1 1 0 0 0 0 0 0
41 2 1 1 1 0 0 0 0 0
42 1 0 0 0 0 0 1 0 0
44 3 0 0 0 0 0 1 0 0
45 2 0 0 1 0 0 0 0 0
46 1 0 0 0 0 0 1 0 0
fl=/build/glibc-mXZSwJ/glibc-2.24/ctype/ctype-info.c
fn=__ctype_init
31 7 1 1 5 2 0 1 0 0
33 4 1 1 2 0 0 1 0 0
35 5 0 0 3 1 0 1 0 0
fl=/build/glibc-mXZSwJ/glibc-2.24/elf/../elf/dl-runtime.c
fn=_dl_fixup
66 3 1 1 0 0 0 1 0 0
68 1 0 0 1 0 0 0 0 0
69 2 0 0 2 0 0 0 0 0
72 5 1 1 2 1 0 0 0 0
73 7 0 0 2 0 0 1 0 0
74 3 0 0 2 0 0 0 0 0
79 2 0 0 0 0 0 0 0 0
83 2 1 1 1 0 0 0 0 0
87 3 0 0 1 0 0 0 0 0
91 2 0 0 2 1 0 0 0 0
92 4 0 0 1 0 0 0 0 0
94 4 0 0 1 0 0 0 0 0
100 1 0 0 0 0 0 0 0 0
101 3 1 1 1 0 0 0 0 0
111 10 0 0 2 1 0 3 0 0
115 5 1 1 3 0 0 0 0 0
125 6 0 0 2 0 0 0 0 0
133 1 0 0 1 0 0 0 0 0
141 4 0 0 1 0 0 0 0 0
145 3 0 0 1 0 0 0 0 0
149 3 0 0 2 0 0 0 0 0
fl=/build/glibc-mXZSwJ/glibc-2.24/elf/../elf/dl-sysdep.c
fn=_dl_sysdep_start
86 8 1 1 0 0 0 6 1 1
110 1 0 0 0 0 0 1 0 0
111 191 1 1 62 8 8 4 3 3
114 2 0 0 0 0 0 1 0 0
115 1 0 0 0 0 0 1 0 0
117 136 5 5 35 6 6 17 1 1
118 110 0 0 18 3 3 0 0 0
121 1 0 0 1 0 0 0 0 0
122 1 0 0 0 0 0 0 0 0
124 1 0 0 1 0 0 0 0 0
125 1 0 0 0 0 0 0 0 0
127 1 1 1 1 0 0 0 0 0
128 2 0 0 0 0 0 0 0 0
130 1 0 0 1 0 0 0 0 0
131 2 0 0 0 0 0 0 0 0
151 1 0 0 1 0 0 0 0 0
152 2 0 0 0 0 0 0 0 0
154 1 0 0 1 0 0 0 0 0
155 2 0 0 0 0 0 0 0 0
157 2 1 1 1 0 0 1 0 0
158 2 0 0 0 0 0 0 0 0
163 2 1 1 1 0 0 1 0 0
164 2 0 0 0 0 0 1 0 0
179 2 1 1 1 0 0 1 0 0
180 2 0 0 0 0 0 1 0 0
231 3 0 0 1 0 0 0 0 0
232 2 0 0 0 0 0 2 0 0
234 5 1 1 0 0 0 1 0 0
246 3 0 0 1 0 0 0 0 0
249 5 0 0 1 0 0 1 0 0
251 9 1 0 8 2 0 0 0 0
fn=_dl_sysdep_start_cleanup
256 1 1 0 1 0 0 0 0 0
fl=/build/glibc-mXZSwJ/glibc-2.24/elf/../misc/sbrk.c
fn=sbrk
34 4 1 1 0 0 0 2 1 1
42 6 0 0 2 1 1 0 0 0
46 2 0 0 0 0 0 0 0 0
62 5 1 1 3 0 0 0 0 0
fl=/build/glibc-mXZSwJ/glibc-2.24/elf/../sysdeps/generic/ldsodefs.h
fn=_dl_relocate_object
102 279 0 0 93 0 0 0 0 0
fn=do_lookup_x
102 243 0 0 81 0 0 0 0 0
fl=/build/glibc-mXZSwJ/glibc-2.24/elf/../sysdeps/posix/dl-fileid.h
fn=_dl_map_object_from_fd
37 12 1 1 0 0 0 2 0 0
40 2 0 0 2 0 0 0 0 0
41 4 0 0 2 0 0 2 0 0
49 12 0 0 6 1 1 0 0 0
fl=/build/glibc-mXZSwJ/glibc-2.24/elf/../sysdeps/unix/sysv/linux/dl-osinfo.h
fn=dl_main
64 2 0 0 1 0 0 0 0 0
77 1 0 0 1 0 0 0 0 0
fl=/build/glibc-mXZSwJ/glibc-2.24/elf/../sysdeps/unix/sysv/linux/dl-sysdep.c
fn=_dl_discover_osversion
45 7 1 1 0 0 0 6 0 0
47 4 0 0 1 0 0 1 1 1
87 5 2 2 0 0 0 1 0 0
102 1 0 0 0 0 0 0 0 0
106 1 0 0 0 0 0 0 0 0
107 1 0 0 0 0 0 0 0 0
109 12 0 0 3 1 1 0 0 0
111 6 0 0 0 0 0 0 0 0
113 17 0 0 4 0 0 0 0 0
115 1 0 0 0 0 0 0 0 0
116 2 0 0 0 0 0 0 0 0
119 3 0 0 0 0 0 0 0 0
120 3 1 1 0 0 0 0 0 0
121 3 0 0 0 0 0 0 0 0
123 13 0 0 0 0 0 0 0 0
128 2 0 0 0 0 0 0 0 0
132 8 0 0 7 0 0 0 0 0
fn=_dl_sysdep_start
35 2 1 1 0 0 0 1 0 0
fl=/build/glibc-mXZSwJ/glibc-2.24/elf/../sysdeps/unix/sysv/linux/dl-vdso.c
fn=_dl_vdso_vsym
27 8 1 1 8 1 0 0 0 0
28 4 1 1 0 0 0 0 0 0
31 8 0 0 0 0 0 0 0 0
48 4 0 0 4 0 0 0 0 0
fl=/build/glibc-mXZSwJ/glibc-2.24/elf/../sysdeps/unix/sysv/linux/x86_64/brk.c
fn=brk
31 7 2 2 0 0 0 1 1 1
33 2 0 0 0 0 0 0 0 0
39 1 0 0 0 0 0 0 0 0
40 1 0 0 1 0 0 0 0 0
fl=/build/glibc-mXZSwJ/glibc-2.24/elf/../sysdeps/x86/cpu-features.c
fn=_dl_sysdep_start
100 1 0 0 0 0 0 1 0 0
101 1 0 0 0 0 0 1 0 0
102 1 0 0 0 0 0 1 0 0
113 3 1 1 0 0 0 1 0 0
116 8 0 0 0 0 0 0 0 0
120 2 0 0 0 0 0 0 0 0
122 5 1 1 0 0 0 1 0 0
125 3 0 0 1 0 0 0 0 0
127 1 0 0 1 0 0 0 0 0
128 3 1 1 2 0 0 1 0 0
129 7 1 1 1 1 1 0 0 0
135 2 1 1 0 0 0 1 0 0
177 2 0 0 0 0 0 0 0 0
199 3 0 0 1 0 0 0 0 0
211 4 0 0 0 0 0 0 0 0
216 3 1 1 0 0 0 1 0 0
217 2 0 0 1 0 0 0 0 0
221 3 0 0 0 0 0 0 0 0
222 2 0 0 0 0 0 0 0 0
224 1 0 0 1 0 0 0 0 0
276 3 1 1 1 0 0 0 0 0
277 1 0 0 1 0 0 0 0 0
280 2 0 0 0 0 0 0 0 0
281 1 1 1 1 0 0 0 0 0
294 6 1 1 0 0 0 0 0 0
295 5 0 0 0 0 0 0 0 0
296 2 0 0 0 0 0 0 0 0
297 4 1 1 0 0 0 0 0 0
305 1 0 0 0 0 0 1 0 0
306 1 0 0 0 0 0 1 0 0
307 1 0 0 0 0 0 1 0 0
fn=get_common_indeces.constprop.1
23 1 0 0 0 0 0 1 0 0
28 4 1 1 0 0 0 0 0 0
31 5 0 0 0 0 0 3 0 0
34 1 0 0 0 0 0 1 0 0
35 4 0 0 0 0 0 1 0 0
36 4 0 0 0 0 0 1 0 0
37 4 1 1 0 0 0 1 0 0
38 3 0 0 0 0 0 1 0 0
39 2 0 0 1 0 0 0 0 0
46 2 0 0 1 0 0 0 0 0
47 7 1 1 0 0 0 4 0 0
54 3 0 0 1 0 0 0 0 0
58 2 0 0 0 0 0 0 0 0
60 4 0 0 0 0 0 0 0 0
64 2 0 0 0 0 0 0 0 0
66 1 0 0 1 1 1 0 0 0
68 3 1 1 1 0 0 0 0 0
73 3 0 0 0 0 0 0 0 0
89 2 0 0 0 0 0 0 0 0
94 2 0 0 2 0 0 0 0 0
fl=/build/glibc-mXZSwJ/glibc-2.24/elf/../sysdeps/x86_64/dl-machine.h
fn=_dl_fixup
259 1 0 0 0 0 0 1 0 0
fn=_dl_relocate_object
79 22 1 1 4 0 0 0 0 0
85 4 0 0 4 0 0 0 0 0
89 6 0 0 2 2 1 0 0 0
95 2 0 0 0 0 0 2 0 0
103 6 0 0 2 0 0 0 0 0
105 2 0 0 2 0 0 0 0 0
123 4 1 1 0 0 0 0 0 0
132 4 0 0 0 0 0 0 0 0
134 4 0 0 0 0 0 0 0 0
139 12 1 1 0 0 0 2 0 0
149 12 0 0 4 3 0 0 0 0
293 214 1 1 0 0 0 0 0 0
314 214 0 0 0 0 0 0 0 0
318 214 1 1 0 0 0 0 0 0
325 4869 17 17 1106 85 74 829 2 0
327 473 0 0 194 1 0 0 0 0
330 388 1 1 97 0 0 0 0 0
336 642 0 0 107 3 3 0 0 0
431 42 0 0 14 0 0 0 0 0
435 70 0 0 14 1 0 0 0 0
440 135 2 2 121 14 13 0 0 0
449 214 0 0 0 0 0 107 19 15
492 9 0 0 0 0 0 3 0 0
536 3603 0 0 1201 302 301 0 0 0
541 2402 1 1 0 0 0 0 0 0
542 3603 0 0 1201 150 150 1201 225 223
552 20 0 0 14 0 0 0 0 0
556 12 0 0 0 0 0 0 0 0
558 18 0 0 6 0 0 0 0 0
559 6 0 0 6 2 1 0 0 0
576 16 0 0 16 1 1 0 0 0
578 8 0 0 0 0 0 8 0 0
579 8 0 0 0 0 0 8 0 0
fn=_dl_start
59 3 1 1 1 1 1 0 0 0
79 1 0 0 1 0 0 0 0 0
290 6 0 0 0 0 0 0 0 0
318 12 0 0 0 0 0 0 0 0
327 24 0 0 12 1 1 0 0 0
330 24 0 0 6 5 5 0 0 0
336 37 0 0 6 1 1 0 0 0
355 18 1 1 6 1 1 6 1 1
423 1 0 0 0 0 0 0 0 0
541 20 0 0 10 2 2 0 0 0
542 30 1 1 10 1 1 10 2 2
fn=_dl_sysdep_start
243 5 0 0 2 1 1 0 0 0
fl=/build/glibc-mXZSwJ/glibc-2.24/elf/../sysdeps/x86_64/dl-trampoline.h
fn=_dl_runtime_resolve_avx_slow
70 1 1 1 0 0 0 0 0 0
71 1 0 0 0 0 0 0 0 0
72 1 0 0 0 0 0 0 0 0
73 1 0 0 0 0 0 0 0 0
74 1 1 1 0 0 0 0 0 0
75 1 0 0 0 0 0 0 0 0
76 1 0 0 0 0 0 0 0 0
77 1 0 0 0 0 0 0 0 0
78 1 0 0 0 0 0 0 0 0
81 1 0 0 0 0 0 0 0 0
84 1 0 0 0 0 0 0 0 0
87 1 0 0 0 0 0 0 0 0
fn=_dl_runtime_resolve_sse_vex
163 1 1 1 0 0 0 1 0 0
166 1 0 0 0 0 0 0 0 0
168 1 0 0 0 0 0 0 0 0
170 1 0 0 0 0 0 0 0 0
173 1 1 1 0 0 0 1 0 0
174 1 0 0 0 0 0 1 0 0
175 1 0 0 0 0 0 1 0 0
176 1 0 0 0 0 0 1 0 0
177 1 0 0 0 0 0 1 0 0
178 1 0 0 0 0 0 1 0 0
179 1 0 0 0 0 0 1 0 0
180 1 0 0 0 0 0 1 0 0
181 1 1 1 0 0 0 1 0 0
182 1 0 0 0 0 0 1 0 0
183 1 0 0 0 0 0 1 0 0
184 1 0 0 0 0 0 1 0 0
185 1 0 0 0 0 0 1 0 0
186 1 0 0 0 0 0 1 0 0
187 1 0 0 0 0 0 1 0 0
192 1 0 0 0 0 0 0 0 0
193 1 0 0 0 0 0 0 0 0
194 1 1 1 0 0 0 0 0 0
195 1 0 0 0 0 0 0 0 0
209 1 0 0 1 0 0 0 0 0
210 1 0 0 1 0 0 0 0 0
211 1 0 0 0 0 0 1 0 0
212 1 0 0 0 0 0 0 0 0
217 1 0 0 0 0 0 0 0 0
218 1 0 0 0 0 0 0 0 0
219 1 0 0 0 0 0 0 0 0
220 1 0 0 0 0 0 0 0 0
233 1 1 1 1 0 0 0 0 0
234 1 0 0 1 0 0 0 0 0
235 1 0 0 1 0 0 0 0 0
236 1 0 0 1 0 0 0 0 0
237 1 0 0 1 0 0 0 0 0
238 1 0 0 1 0 0 0 0 0
239 1 0 0 1 0 0 0 0 0
240 1 0 0 1 0 0 0 0 0
241 1 1 1 1 0 0 0 0 0
242 1 0 0 1 0 0 0 0 0
243 1 0 0 1 0 0 0 0 0
244 1 0 0 1 0 0 0 0 0
245 1 0 0 1 0 0 0 0 0
246 1 0 0 1 0 0 0 0 0
247 1 0 0 1 0 0 0 0 0
249 1 0 0 0 0 0 0 0 0
251 1 0 0 1 0 0 0 0 0
255 1 0 0 0 0 0 0 0 0
258 1 0 0 0 0 0 0 0 0
fl=/build/glibc-mXZSwJ/glibc-2.24/elf/./dl-load.h
fn=_dl_map_object_from_fd
90 8 1 1 0 0 0 0 0 0
91 6 0 0 4 0 0 2 0 0
93 8 0 0 4 0 0 0 0 0
94 5 2 2 3 0 0 0 0 0
95 6 0 0 2 0 0 0 0 0
96 4 0 0 1 0 0 0 0 0
98 4 1 1 0 0 0 1 0 0
fl=/build/glibc-mXZSwJ/glibc-2.24/elf/./dl-map-segments.h
fn=_dl_map_object_from_fd
50 6 0 0 2 0 0 2 0 0
56 16 1 1 6 0 0 4 0 0
60 8 1 1 4 0 0 0 0 0
63 6 0 0 2 0 0 2 0 0
64 4 0 0 0 0 0 2 0 0
66 4 0 0 2 0 0 0 0 0
72 16 0 0 4 0 0 4 0 0
73 8 1 1 4 0 0 0 0 0
76 4 0 0 2 0 0 0 0 0
86 20 1 1 0 0 0 0 0 0
88 8 0 0 4 0 0 0 0 0
90 32 1 1 12 0 0 6 0 0
100 16 0 0 8 0 0 0 0 0
106 4 0 0 2 0 0 0 0 0
107 2 0 0 0 0 0 0 0 0
108 10 0 0 2 0 0 0 0 0
109 4 0 0 0 0 0 0 0 0
116 6 0 0 0 0 0 2 0 0
119 6 1 1 0 0 0 0 0 0
127 22 1 1 6 0 0 8 0 0
133 4 0 0 2 0 0 0 0 0
137 11 1 1 1 0 0 3 0 0
140 4 1 1 2 0 0 0 0 0
145 4 1 1 0 0 0 0 0 0
fl=/build/glibc-mXZSwJ/glibc-2.24/elf/dl-addr.c
fn=_dl_addr
30 2 0 0 1 0 0 1 0 0
31 2 0 0 1 0 0 1 0 0
34 2 0 0 1 0 0 0 0 0
38 1 1 1 1 0 0 0 0 0
39 1 0 0 1 0 0 0 0 0
40 3 0 0 2 0 0 1 0 0
42 2 0 0 2 0 0 0 0 0
45 2 0 0 1 1 0 0 0 0
50 2030 0 0 2 0 0 0 0 0
52 1011 1 1 1011 60 19 0 0 0
53 2022 0 0 0 0 0 0 0 0
55 3628 0 0 907 0 0 0 0 0
61 11195 1 1 2239 474 435 0 0 0
63 8956 0 0 2239 0 0 0 0 0
64 16364 0 0 5120 357 331 0 0 0
69 2239 0 0 0 0 0 0 0 0
71 9060 1 1 2239 132 79 0 0 0
100 3 1 1 1 1 0 0 0 0
101 1 0 0 0 0 0 1 1 0
102 3 0 0 1 0 0 0 0 0
105 2 0 0 0 0 0 0 0 0
117 1 1 1 0 0 0 1 1 0
118 1 0 0 0 0 0 1 0 0
127 11 1 1 0 0 0 8 0 0
132 3 1 1 2 0 0 1 0 0
134 2 0 0 0 0 0 1 0 0
136 2 0 0 0 0 0 0 0 0
139 2 0 0 0 0 0 0 0 0
142 2 0 0 1 1 0 1 1 0
145 9 0 0 7 0 0 0 0 0
fl=/build/glibc-mXZSwJ/glibc-2.24/elf/dl-cache.c
fn=_dl_cache_libcmp
138 30 1 1 20 10 10 0 0 0
139 98 0 0 0 0 0 0 0 0
141 144 0 0 0 0 0 0 0 0
143 50 0 0 0 0 0 0 0 0
149 2 0 0 0 0 0 0 0 0
150 2 1 1 0 0 0 0 0 0
151 5 0 0 1 0 0 0 0 0
153 5 0 0 1 0 0 0 0 0
155 2 0 0 0 0 0 0 0 0
161 94 1 1 0 0 0 0 0 0
163 170 0 0 76 0 0 0 0 0
164 18 0 0 9 0 0 0 0 0
167 38 0 0 0 0 0 0 0 0
168 38 0 0 0 0 0 0 0 0
171 3 0 0 1 0 0 0 0 0
fn=_dl_load_cache_lookup
185 9 2 2 0 0 0 6 0 0
193 2 0 0 1 0 0 0 0 0
196 3 0 0 1 0 0 0 0 0
199 5 1 1 0 0 0 1 0 0
207 5 1 1 1 0 0 0 0 0
208 6 0 0 0 0 0 1 0 0
212 1 0 0 0 0 0 1 0 0
215 4 1 1 1 0 0 0 0 0
218 2 0 0 0 0 0 1 0 0
219 3 0 0 0 0 0 0 0 0
220 6 0 0 0 0 0 1 0 0
247 2 1 1 0 0 0 0 0 0
256 3 0 0 0 0 0 1 0 0
262 5 0 0 0 0 0 2 0 0
266 7 0 0 2 0 0 3 0 0
267 4 2 2 2 0 0 0 0 0
281 232 7 7 34 8 8 15 0 0
293 3 1 1 0 0 0 1 0 0
297 2 1 1 1 0 0 0 0 0
301 2 0 0 1 0 0 0 0 0
309 9 0 0 1 0 0 1 0 0
310 3 1 1 0 0 0 1 0 0
311 2 0 0 0 0 0 1 0 0
312 8 0 0 7 0 0 0 0 0
fn=_dl_unload_cache
321 1 0 0 0 0 0 0 0 0
322 4 2 2 1 1 0 0 0 0
324 2 0 0 1 0 0 1 0 0
325 1 0 0 0 0 0 1 0 0
327 2 0 0 1 0 0 0 0 0
fl=/build/glibc-mXZSwJ/glibc-2.24/elf/dl-debug.c
fn=_dl_debug_initialize
50 8 1 1 0 0 0 0 0 0
51 4 1 1 4 0 0 0 0 0
55 14 0 0 4 0 0 0 0 0
58 1 0 0 0 0 0 1 0 0
59 6 0 0 3 0 0 1 0 0
60 5 1 1 1 0 0 1 0 0
61 2 0 0 0 0 0 1 0 0
64 1 0 0 1 0 0 0 0 0
fn=_dl_debug_state
74 2 0 0 2 0 0 0 0 0
fl=/build/glibc-mXZSwJ/glibc-2.24/elf/dl-deps.c
fn=_dl_map_object_deps
144 4 0 0 0 0 0 2 1 1
145 2 0 0 0 0 0 2 0 0
146 7 1 1 0 0 0 2 0 0
152 9 0 0 2 0 0 3 0 0
160 11 1 1 0 0 0 9 0 0
161 9 2 2 0 0 0 0 0 0
178 11 1 1 1 0 0 1 0 0
179 1 0 0 1 0 0 0 0 0
182 3 0 0 0 0 0 2 0 0
188 2 0 0 0 0 0 2 0 0
189 1 1 1 0 0 0 1 0 0
201 2 0 0 1 0 0 1 0 0
202 1 0 0 0 0 0 1 0 0
203 1 0 0 0 0 0 1 0 0
204 2 0 0 0 0 0 2 0 0
210 4 0 0 0 0 0 2 0 0
213 4 0 0 0 0 0 4 0 0
217 12 0 0 4 0 0 0 0 0
218 25 2 2 11 1 1 0 0 0
220 2 0 0 0 0 0 0 0 0
222 6 0 0 4 0 0 0 0 0
224 28 1 1 0 0 0 4 0 0
229 16 0 0 8 0 0 0 0 0
231 6 1 1 4 0 0 2 0 0
236 2 0 0 0 0 0 2 0 0
237 2 0 0 0 0 0 2 0 0
238 4 0 0 2 0 0 2 0 0
239 4 0 0 2 0 0 2 0 0
242 206 0 0 54 0 0 4 0 0
243 96 0 0 0 0 0 0 0 0
249 14 1 1 4 0 0 2 1 1
251 2 0 0 0 0 0 2 0 0
254 12 1 1 8 0 0 2 0 0
256 6 0 0 2 0 0 0 0 0
271 2 0 0 2 0 0 0 0 0
273 4 0 0 2 0 0 0 0 0
278 6 1 1 0 0 0 0 0 0
281 2 0 0 0 0 0 2 0 0
282 2 0 0 0 0 0 2 0 0
283 2 0 0 0 0 0 2 0 0
284 4 0 0 2 0 0 2 0 0
286 2 0 0 2 0 0 0 0 0
288 12 0 0 2 0 0 4 0 0
292 4 0 0 0 0 0 0 0 0
293 4 0 0 1 0 0 2 0 0
295 138 1 1 0 0 0 0 0 0
308 9 1 1 3 0 0 3 0 0
317 13 2 2 0 0 0 5 0 0
459 8 1 1 0 0 0 0 0 0
461 6 1 1 2 0 0 2 0 0
463 4 0 0 0 0 0 2 0 0
464 4 0 0 0 0 0 0 0 0
465 4 0 0 0 0 0 0 0 0
468 2 0 0 0 0 0 2 0 0
469 10 0 0 0 0 0 2 0 0
470 12 0 0 2 0 0 2 0 0
473 2 0 0 0 0 0 2 0 0
474 2 0 0 2 0 0 0 0 0
478 16 1 1 8 0 0 0 0 0
480 4 0 0 4 0 0 0 0 0
481 17 1 1 3 0 0 0 0 0
485 7 1 1 3 0 0 0 0 0
486 2 0 0 0 0 0 1 0 0
489 5 0 0 2 0 0 1 0 0
499 2 0 0 0 0 0 1 0 0
500 3 1 1 1 0 0 0 0 0
502 2 0 0 0 0 0 0 0 0
507 7 1 1 3 0 0 1 0 0
508 9 0 0 4 0 0 1 0 0
510 13 0 0 4 0 0 1 0 0
516 12 1 1 0 0 0 4 1 1
520 8 0 0 8 0 0 0 0 0
523 2 0 0 1 0 0 0 0 0
574 3 0 0 2 0 0 0 0 0
575 1 1 1 0 0 0 1 0 0
576 3 1 1 1 0 0 0 0 0
611 8 1 1 1 0 0 2 0 0
613 2 0 0 0 0 0 0 0 0
614 1 0 0 0 0 0 1 0 0
617 11 0 0 1 0 0 1 0 0
618 5 1 1 0 0 0 0 0 0
619 6 1 1 1 0 0 2 0 0
623 12 1 1 3 0 0 6 0 0
624 6 0 0 3 0 0 0 0 0
630 17 0 0 3 0 0 0 0 0
632 12 0 0 6 0 0 0 0 0
633 7 0 0 0 0 0 0 0 0
635 9 0 0 3 0 0 0 0 0
636 6 1 1 0 0 0 0 0 0
655 2 1 1 1 0 0 0 0 0
658 3 1 1 0 0 0 0 0 0
661 10 0 0 3 0 0 0 0 0
664 30 2 2 6 0 0 8 0 0
671 2 0 0 1 0 0 1 0 0
673 2 0 0 1 0 0 1 0 0
674 1 0 0 1 0 0 0 0 0
675 3 0 0 1 0 0 0 0 0
682 3 1 1 1 0 0 0 0 0
685 3 0 0 1 0 0 0 0 0
688 8 0 0 7 0 0 0 0 0
fn=openaux
60 4 1 1 0 0 0 2 0 0
63 14 0 0 8 0 0 4 0 0
65 8 0 0 2 0 0 0 0 0
67 2 0 0 2 0 0 0 0 0
68 4 0 0 4 0 0 0 0 0
fl=/build/glibc-mXZSwJ/glibc-2.24/elf/dl-environ.c
fn=_dl_next_ld_env_entry
30 3 1 1 3 0 0 0 0 0
33 184 0 0 61 0 0 0 0 0
35 120 1 1 60 28 28 0 0 0
36 20 0 0 10 0 0 0 0 0
38 2 0 0 0 0 0 0 0 0
41 4 0 0 0 0 0 2 0 0
43 2 0 0 2 0 0 0 0 0
46 58 0 0 0 0 0 0 0 0
50 1 0 0 1 0 0 0 0 0
fl=/build/glibc-mXZSwJ/glibc-2.24/elf/dl-error.c
fn=_dl_catch_error
163 12 1 1 0 0 0 9 0 0
175 6 0 0 0 0 0 6 2 2
176 6 0 0 0 0 0 6 0 0
177 6 0 0 0 0 0 6 1 1
178 6 0 0 0 0 0 3 0 0
180 3 0 0 3 0 0 3 1 1
181 6 0 0 3 0 0 3 0 0
182 9 1 1 0 0 0 6 0 0
185 18 0 0 0 0 0 3 0 0
187 9 0 0 6 0 0 3 0 0
188 9 0 0 6 0 0 3 0 0
189 6 0 0 3 0 0 3 0 0
190 6 1 1 3 0 0 3 0 0
191 6 0 0 3 0 0 3 0 0
199 12 0 0 6 0 0 0 0 0
fn=_dl_receive_error
205 10 1 1 0 0 0 6 0 0
206 2 0 0 1 0 0 1 0 0
210 1 0 0 1 0 0 0 0 0
211 1 0 0 1 0 0 0 0 0
214 1 0 0 0 0 0 1 0 0
215 1 1 1 0 0 0 1 0 0
217 2 0 0 0 0 0 1 0 0
219 1 0 0 0 0 0 1 0 0
220 1 0 0 0 0 0 1 0 0
221 8 0 0 7 0 0 0 0 0
fl=/build/glibc-mXZSwJ/glibc-2.24/elf/dl-fini.c
fn=_dl_fini
31 1 0 0 0 0 0 1 0 0
33 2 0 0 0 0 0 0 0 0
38 3 0 0 0 0 0 1 0 0
39 8 0 0 0 0 0 0 0 0
40 4 1 1 0 0 0 1 0 0
44 9 0 0 3 0 0 3 0 0
45 9 0 0 6 0 0 0 0 0
49 12 0 0 6 0 0 0 0 0
55 6 0 0 3 0 0 0 0 0
56 14 0 0 6 0 0 0 0 0
58 15 1 1 9 0 0 0 0 0
59 7 0 0 0 0 0 0 0 0
61 9 0 0 3 1 0 0 0 0
62 6 0 0 0 0 0 0 0 0
81 4 0 0 1 0 0 1 0 0
92 9 1 1 3 0 0 0 0 0
113 3 0 0 0 0 0 0 0 0
117 15 0 0 3 0 0 3 0 0
120 17 1 1 2 0 0 2 0 0
130 8 1 1 0 0 0 6 0 0
150 15 1 1 3 0 0 2 0 0
153 2 1 1 1 0 0 1 0 0
155 1 0 0 1 1 0 0 0 0
158 2 0 0 0 0 0 0 0 0
160 8 0 0 3 1 0 1 0 0
165 1 0 0 0 0 0 1 0 0
168 8 1 1 0 0 0 1 0 0
173 14 0 0 4 1 0 0 0 0
175 8 0 0 4 3 0 0 0 0
177 8 0 0 0 0 0 0 0 0
179 8 1 1 0 0 0 4 0 0
180 4 0 0 0 0 0 4 4 0
181 4 0 0 0 0 0 0 0 0
185 4 0 0 4 2 0 0 0 0
187 9 0 0 1 0 0 1 0 0
188 2 0 0 1 0 0 0 0 0
192 2 1 1 1 0 0 1 0 0
201 3 2 2 2 0 0 1 0 0
206 14 0 0 7 0 0 0 0 0
208 4 0 0 4 0 0 0 0 0
210 12 0 0 4 0 0 0 0 0
213 8 0 0 0 0 0 4 0 0
216 12 1 1 4 4 0 0 0 0
217 6 0 0 2 2 0 0 0 0
220 4 0 0 2 0 0 0 0 0
231 4 0 0 4 4 0 0 0 0
232 2 0 0 2 1 0 0 0 0
233 4 0 0 2 1 0 0 0 0
234 14 0 0 2 2 0 0 0 0
235 4 1 1 2 2 0 2 0 0
239 4 0 0 0 0 0 0 0 0
240 6 0 0 4 1 0 2 0 0
246 24 0 0 8 1 0 0 0 0
262 8 1 1 4 0 0 0 0 0
268 6 1 1 2 0 0 0 0 0
274 2 0 0 1 0 0 0 0 0
281 8 1 1 7 0 0 0 0 0
fl=/build/glibc-mXZSwJ/glibc-2.24/elf/dl-hwcaps.c
fn=_dl_important_hwcaps
39 12 2 2 0 0 0 10 2 2
41 1 0 0 1 0 0 0 0 0
42 3 0 0 0 0 0 0 0 0
51 2 0 0 1 0 0 0 0 0
61 4 1 1 1 0 0 1 0 0
113 1 1 1 0 0 0 0 0 0
115 7 1 1 1 0 0 2 0 0
130 10 1 1 0 0 0 1 0 0
131 1 0 0 0 0 0 0 0 0
162 2 1 1 0 0 0 0 0 0
170 3 1 1 1 0 0 0 0 0
172 2 0 0 1 0 0 1 0 0
173 5 0 0 1 0 0 1 0 0
177 3 1 1 1 0 0 1 0 0
178 1 0 0 0 0 0 1 0 0
181 2 0 0 0 0 0 0 0 0
184 2 0 0 0 0 0 0 0 0
188 14 0 0 3 0 0 3 0 0
189 2 1 1 0 0 0 0 0 0
207 11 2 2 1 0 0 5 0 0
208 5 0 0 0 0 0 3 1 1
209 4 0 0 2 0 0 0 0 0
238 3 0 0 0 0 0 2 1 1
241 2 0 0 0 0 0 0 0 0
243 8 1 1 3 0 0 2 0 0
244 8 1 1 2 0 0 2 0 0
257 2 0 0 0 0 0 0 0 0
269 29 2 2 4 0 0 2 0 0
270 8 0 0 0 0 0 4 0 0
274 19 1 1 1 0 0 0 0 0
277 18 1 1 0 0 0 0 0 0
278 24 0 0 0 0 0 0 0 0
279 12 0 0 8 0 0 0 0 0
281 4 0 0 0 0 0 0 0 0
284 3 0 0 1 0 0 0 0 0
285 2 0 0 1 0 0 0 0 0
286 11 1 1 3 0 0 0 0 0
299 6 1 1 2 0 0 2 0 0
300 2 0 0 0 0 0 0 0 0
302 4 0 0 0 0 0 0 0 0
305 4 0 0 3 0 0 1 0 0
307 1 0 0 0 0 0 0 0 0
308 8 0 0 7 0 0 0 0 0
fl=/build/glibc-mXZSwJ/glibc-2.24/elf/dl-init.c
fn=_dl_init
30 25 1 1 5 0 0 3 0 0
80 11 1 1 0 0 0 6 0 0
81 1 0 0 1 1 0 0 0 0
82 1 0 0 1 0 0 0 0 0
85 3 1 1 1 0 0 0 0 0
88 2 1 1 0 0 0 1 0 0
93 2 0 0 0 0 0 0 0 0
94 2 0 0 1 0 0 0 0 0
104 2 1 1 0 0 0 1 0 0
119 15 0 0 0 0 0 0 0 0
120 12 0 0 8 0 0 0 0 0
126 8 0 0 7 0 0 0 0 0
fn=call_init.part.0
28 21 0 0 0 0 0 15 0 0
36 12 1 1 4 0 0 4 0 0
39 16 0 0 8 1 0 0 0 0
40 2 1 1 0 0 0 0 0 0
44 15 0 0 3 2 0 0 0 0
45 3 0 0 1 0 0 0 0 0
49 4 0 0 2 0 0 0 0 0
58 14 1 1 6 4 0 2 0 0
62 4 0 0 0 0 0 0 0 0
68 6 0 0 4 0 0 0 0 0
70 4 0 0 4 0 0 0 0 0
71 14 0 0 0 0 0 0 0 0
72 10 1 1 2 0 0 2 0 0
74 19 0 0 19 0 0 0 0 0
fl=/build/glibc-mXZSwJ/glibc-2.24/elf/dl-load.c
fn=_dl_init_paths
661 9 1 1 0 0 0 6 0 0
674 6 1 1 2 0 0 2 0 0
678 1 0 0 0 0 0 1 0 0
679 2 0 0 0 0 0 1 0 0
680 3 0 0 0 0 0 0 0 0
687 5 1 1 0 0 0 0 0 0
688 5 0 0 1 0 0 2 0 0
691 1 0 0 0 0 0 1 0 0
692 2 0 0 0 0 0 1 0 0
694 2 0 0 0 0 0 0 0 0
700 1 0 0 0 0 0 1 0 0
701 1 1 1 0 0 0 1 0 0
709 10 0 0 0 0 0 3 0 0
711 9 1 1 0 0 0 4 0 0
712 4 0 0 0 0 0 4 2 2
714 5 0 0 0 0 0 4 1 1
715 7 0 0 3 1 1 4 1 1
716 6 0 0 0 0 0 0 0 0
719 6 0 0 3 1 1 0 0 0
720 14 1 1 8 0 0 1 0 0
721 12 0 0 0 0 0 4 0 0
723 25 0 0 10 0 0 6 0 0
729 1 0 0 0 0 0 1 1 1
730 1 1 1 0 0 0 1 0 0
734 1 0 0 1 0 0 0 0 0
735 2 0 0 0 0 0 0 0 0
737 4 1 1 1 0 0 0 0 0
739 3 0 0 1 0 0 0 0 0
756 2 0 0 0 0 0 1 0 0
758 3 1 1 1 0 0 0 0 0
772 2 1 1 0 0 0 1 0 0
777 5 1 1 1 0 0 0 0 0
785 5 0 0 0 0 0 1 0 0
787 11 1 1 0 0 0 2 0 0
791 2 0 0 0 0 0 0 0 0
804 57 1 1 14 0 0 0 0 0
806 56 0 0 0 0 0 0 0 0
808 14 0 0 0 0 0 0 0 0
811 1 0 0 0 0 0 1 0 0
812 1 0 0 0 0 0 1 0 0
813 2 0 0 0 0 0 0 0 0
819 9 1 1 1 0 0 2 0 0
823 5 0 0 4 0 0 0 0 0
829 1 0 0 0 0 0 1 0 0
833 8 0 0 7 0 0 0 0 0
fn=_dl_map_object
372 5 0 0 0 0 0 1 0 0
376 2 0 0 0 0 0 1 0 0
638 9 2 2 3 0 0 0 0 0
2167 27 1 1 0 0 0 24 6 6
2169 2 0 0 0 0 0 0 0 0
2175 6 0 0 0 0 0 0 0 0
2176 12 0 0 3 0 0 0 0 0
2179 42 1 1 9 0 0 0 0 0
2184 49 1 1 7 0 0 0 0 0
2186 35 0 0 0 0 0 7 0 0
2190 12 0 0 6 0 0 0 0 0
2191 18 0 0 6 0 0 0 0 0
2194 2 0 0 2 0 0 0 0 0
2195 4 0 0 4 0 0 0 0 0
2196 8 0 0 0 0 0 2 0 0
2213 4 1 1 2 0 0 0 0 0
2222 6 1 1 2 0 0 0 0 0
2256 2 0 0 0 0 0 2 0 0
2258 10 1 1 0 0 0 2 0 0
2262 4 2 2 0 0 0 2 0 0
2264 2 0 0 1 0 0 0 0 0
2271 4 0 0 1 0 0 0 0 0
2275 3 1 1 1 0 0 2 0 0
2280 3 0 0 1 0 0 0 0 0
2281 1 0 0 0 0 0 0 0 0
2283 10 0 0 0 0 0 4 0 0
2295 5 2 2 4 0 0 0 0 0
2296 7 0 0 1 0 0 1 0 0
2297 1 0 0 0 0 0 0 0 0
2306 2 0 0 1 0 0 0 0 0
2307 15 1 1 1 0 0 4 0 0
2313 3 1 1 0 0 0 0 0 0
2314 1 0 0 0 0 0 0 0 0
2322 1 1 1 0 0 0 1 0 0
2336 2 1 1 0 0 0 0 0 0
2338 3 0 0 1 0 0 0 0 0
2342 3 0 0 0 0 0 2 0 0
2344 2 0 0 0 0 0 0 0 0
2348 2 0 0 0 0 0 0 0 0
2356 3 1 1 1 0 0 0 0 0
2379 10 0 0 1 0 0 2 0 0
2383 4 0 0 2 0 0 0 0 0
2384 3 1 1 1 0 0 1 0 0
2401 2 1 1 1 0 0 0 0 0
2407 1 0 0 0 0 0 1 1 1
2409 2 0 0 0 0 0 0 0 0
2410 3 0 0 0 0 0 0 0 0
2414 11 1 1 0 0 0 3 0 0
2417 5 0 0 3 0 0 0 0 0
2429 6 2 2 0 0 0 0 0 0
2431 4 0 0 0 0 0 0 0 0
2475 4 0 0 2 0 0 2 0 0
2476 30 1 1 4 0 0 10 0 0
2478 27 1 1 21 0 0 0 0 0
fn=_dl_map_object_from_fd
871 30 1 1 0 0 0 22 2 2
881 8 1 1 2 0 0 4 1 1
882 2 0 0 0 0 0 2 0 0
897 31 0 0 11 0 0 0 0 0
898 10 1 1 5 0 0 0 0 0
915 4 1 1 2 0 0 0 0 0
939 8 0 0 2 0 0 2 0 0
949 4 0 0 2 0 0 0 0 0
971 8 1 1 4 0 0 0 0 0
1003 4 0 0 0 0 0 0 0 0
1006 16 0 0 10 0 0 2 0 0
1007 4 1 1 0 0 0 0 0 0
1018 6 0 0 4 0 0 2 2 2
1019 8 1 1 4 0 0 4 0 0
1020 4 0 0 2 0 0 2 0 0
1022 6 0 0 0 0 0 0 0 0
1023 8 1 1 4 0 0 0 0 0
1024 2 0 0 0 0 0 0 0 0
1041 2 0 0 0 0 0 2 0 0
1043 18 1 1 0 0 0 2 0 0
1051 108 0 0 0 0 0 0 0 0
1052 127 1 1 17 1 1 0 0 0
1058 4 0 0 2 0 0 2 0 0
1059 6 0 0 2 0 0 2 0 0
1060 2 0 0 0 0 0 0 0 0
1063 2 0 0 1 0 0 1 0 0
1064 1 0 0 0 0 0 0 0 0
1069 20 1 1 8 0 0 0 0 0
1074 32 1 1 8 0 0 0 0 0
1082 16 1 1 0 0 0 0 0 0
1083 16 0 0 0 0 0 4 3 3
1084 20 0 0 4 0 0 4 0 0
1085 4 0 0 0 0 0 4 1 1
1086 8 0 0 4 0 0 4 0 0
1087 8 1 1 0 0 0 4 1 1
1091 8 0 0 0 0 0 0 0 0
1092 12 0 0 6 0 0 2 0 0
1096 8 0 0 0 0 0 0 0 0
1097 28 0 0 4 0 0 4 0 0
1107 4 0 0 0 0 0 0 0 0
1110 3 0 0 1 1 1 0 0 0
1114 1 0 0 0 0 0 1 1 1
1115 3 1 1 2 0 0 1 0 0
1116 2 0 0 0 0 0 0 0 0
1119 3 0 0 0 0 0 1 1 1
1120 2 0 0 1 0 0 1 0 0
1123 1 0 0 0 0 0 1 0 0
1127 4 0 0 1 0 0 0 0 0
1133 3 0 0 1 0 0 2 0 0
1134 1 0 0 0 0 0 0 0 0
1138 16 1 1 2 0 0 6 0 0
1146 4 0 0 0 0 0 2 0 0
1189 4 1 1 2 0 0 2 0 0
1190 2 0 0 0 0 0 0 0 0
1193 4 1 1 2 0 0 2 0 0
1194 6 0 0 4 0 0 2 0 0
1195 2 0 0 0 0 0 0 0 0
1198 8 0 0 2 0 0 0 0 0
1207 4 0 0 0 0 0 0 0 0
1217 18 0 0 6 0 0 4 0 0
1229 8 2 2 4 0 0 0 0 0
1233 2 1 1 1 0 0 0 0 0
1238 6 0 0 2 0 0 2 0 0
1245 4 0 0 0 0 0 0 0 0
1260 6 1 1 2 0 0 0 0 0
1279 4 0 0 2 0 0 2 0 0
1281 10 1 1 4 0 0 0 0 0
1335 6 0 0 2 1 1 0 0 0
1336 2 0 0 1 0 0 1 0 0
1339 8 0 0 2 0 0 2 0 0
1348 4 0 0 2 0 0 0 0 0
1350 8 1 1 4 0 0 2 0 0
1352 4 0 0 2 0 0 0 0 0
1368 4 0 0 0 0 0 2 0 0
1372 4 0 0 2 0 0 0 0 0
1373 4 0 0 2 0 0 0 0 0
1390 4 1 1 2 0 0 0 0 0
1391 2 0 0 0 0 0 1 0 0
1394 6 0 0 2 0 0 4 0 0
1399 4 0 0 2 0 0 0 0 0
1409 4 0 0 2 0 0 0 0 0
1419 6 1 1 2 0 0 2 0 0
1423 6 0 0 2 0 0 0 0 0
1443 18 1 1 14 0 0 0 0 0
fn=fillin_rpath
372 5 0 0 0 0 0 1 0 0
376 3 0 0 0 0 0 1 0 0
433 17 1 1 0 0 0 12 0 0
435 1 0 0 0 0 0 0 0 0
438 9 1 1 0 0 0 2 0 0
444 3 0 0 0 0 0 1 0 0
448 2 1 1 0 0 0 0 0 0
455 8 2 2 1 0 0 0 0 0
460 3 0 0 0 0 0 1 0 0
463 3 1 1 1 0 0 0 0 0
470 15 0 0 5 0 0 0 0 0
471 8 0 0 4 0 0 0 0 0
489 4 3 3 1 0 0 1 0 0
492 2 0 0 0 0 0 1 0 0
493 5 0 0 2 0 0 1 0 0
495 3 1 1 1 0 0 0 0 0
499 1 0 0 0 0 0 1 1 1
500 1 0 0 0 0 0 0 0 0
501 4 0 0 0 0 0 2 0 0
502 1 0 0 0 0 0 1 0 0
504 2 0 0 1 0 0 0 0 0
510 4 0 0 1 0 0 0 0 0
511 17 3 3 1 0 0 0 0 0
512 11 1 1 0 0 0 4 0 0
514 2 1 1 1 0 0 1 0 0
515 3 1 1 1 0 0 0 0 0
520 2 0 0 0 0 0 1 0 0
522 3 0 0 1 0 0 1 0 0
523 1 0 0 0 0 0 1 0 0
526 2 1 1 0 0 0 1 0 0
528 4 0 0 2 0 0 1 0 0
532 1 0 0 0 0 0 1 0 0
535 9 0 0 7 0 0 0 0 0
fn=open_path
2018 8 1 1 0 0 0 6 1 1
2019 2 0 0 1 0 0 1 1 1
2022 1 1 1 0 0 0 1 0 0
2023 1 0 0 0 0 0 1 0 0
2025 2 0 0 0 0 0 0 0 0
2030 16 1 1 2 0 0 6 2 2
2033 3 1 1 2 0 0 0 0 0
2037 1 0 0 0 0 0 0 0 0
2042 4 0 0 0 0 0 1 0 0
2049 6 0 0 2 0 0 1 1 1
2050 23 1 1 4 0 0 0 0 0
2053 8 0 0 4 0 0 0 0 0
2057 32 1 1 16 0 0 8 0 0
2058 16 0 0 4 0 0 0 0 0
2060 8 0 0 0 0 0 4 0 0
2063 12 1 1 4 0 0 0 0 0
2064 3 1 1 0 0 0 0 0 0
2066 40 0 0 20 0 0 8 0 0
2068 20 1 1 12 0 0 0 0 0
2070 8 0 0 0 0 0 0 0 0
2075 8 1 1 4 0 0 0 0 0
2076 36 1 1 16 0 0 0 0 0
2082 21 1 1 10 0 0 5 0 0
2084 24 0 0 4 0 0 4 0 0
2085 2 0 0 1 0 0 0 0 0
2087 17 1 1 0 0 0 4 0 0
2094 8 0 0 0 0 0 0 0 0
2104 5 0 0 1 0 0 2 0 0
2132 2 0 0 0 0 0 0 0 0
2135 7 1 1 1 0 0 0 0 0
2140 1 0 0 1 0 0 0 0 0
2142 4 0 0 3 0 0 0 0 0
2145 3 0 0 1 0 0 0 0 0
2159 9 1 1 7 0 0 0 0 0
fn=open_verify.constprop.7
1695 84 2 2 6 0 0 54 3 3
1734 28 0 0 6 0 0 0 0 0
1765 30 0 0 6 0 0 12 0 0
1767 14 1 1 0 0 0 0 0 0
1777 2 0 0 0 0 0 2 0 0
1778 4 0 0 0 0 0 2 1 1
1783 16 0 0 4 0 0 4 0 0
1785 4 1 1 0 0 0 0 0 0
1787 6 0 0 2 0 0 2 0 0
1789 4 0 0 0 0 0 0 0 0
1795 4 0 0 0 0 0 0 0 0
1804 2 1 1 1 0 0 0 0 0
1811 38 3 3 5 0 0 5 0 0
1885 4 0 0 2 0 0 0 0 0
1890 4 0 0 2 0 0 0 0 0
1892 8 1 1 2 0 0 0 0 0
1898 4 0 0 0 0 0 0 0 0
1909 4 0 0 2 1 1 0 0 0
1915 8 0 0 2 1 1 0 0 0
1916 8 1 1 2 0 0 0 0 0
1917 4 0 0 2 0 0 0 0 0
1937 82 0 0 0 0 0 0 0 0
1939 36 1 1 17 10 10 0 0 0
1943 8 0 0 4 0 0 0 0 0
1944 6 0 0 2 0 0 0 0 0
1953 18 2 2 0 0 0 3 0 0
1956 2 0 0 0 0 0 0 0 0
1957 6 0 0 2 0 0 0 0 0
1958 6 0 0 2 0 0 0 0 0
1960 6 0 0 0 0 0 0 0 0
1965 1 0 0 0 0 0 0 0 0
1966 1 0 0 0 0 0 0 0 0
1969 2 0 0 0 0 0 0 0 0
1972 2 0 0 1 0 0 0 0 0
1973 4 0 0 1 0 0 0 0 0
1974 1 0 0 1 0 0 0 0 0
1975 3 0 0 1 0 0 0 0 0
1976 5 0 0 1 0 0 0 0 0
1981 4 0 0 0 0 0 4 0 0
2004 54 1 1 48 0 0 0 0 0
fl=/build/glibc-mXZSwJ/glibc-2.24/elf/dl-lookup.c
fn=_dl_lookup_symbol_x
572 5777 1 1 1376 90 86 0 0 0
573 5140 0 0 0 0 0 0 0 0
810 1365 1 1 91 0 0 910 2 0
812 182 1 1 0 0 0 91 1 0
813 182 0 0 0 0 0 91 0 0
816 91 0 0 91 1 0 0 0 0
820 342 0 0 80 0 0 0 0 0
824 910 0 0 273 0 0 364 0 0
825 182 0 0 0 0 0 0 0 0
827 182 0 0 182 1 0 0 0 0
831 323 1 1 10 0 0 0 0 0
833 1183 2 2 637 0 0 637 2 0
836 273 0 0 0 0 0 0 0 0
839 10 0 0 0 0 0 0 0 0
862 273 0 0 182 0 0 0 0 0
864 70 1 1 20 0 0 0 0 0
879 10 1 1 0 0 0 10 0 0
880 20 0 0 0 0 0 0 0 0
883 81 0 0 81 0 0 0 0 0
884 567 1 1 162 0 0 0 0 0
915 81 0 0 0 0 0 0 0 0
924 324 0 0 81 0 0 0 0 0
938 243 0 0 81 2 0 0 0 0
939 2 1 1 0 0 0 1 0 0
941 324 1 1 162 0 0 0 0 0
946 81 0 0 0 0 0 81 0 0
948 819 0 0 637 0 0 0 0 0
fn=_dl_setup_hash
959 12 1 1 4 0 0 0 0 0
963 4 0 0 4 0 0 0 0 0
967 8 1 1 4 4 4 4 0 0
968 4 0 0 4 0 0 0 0 0
969 4 0 0 4 1 1 0 0 0
971 12 0 0 0 0 0 0 0 0
972 4 0 0 0 0 0 4 0 0
973 12 1 1 4 0 0 4 0 0
975 4 0 0 0 0 0 4 0 0
976 8 0 0 0 0 0 0 0 0
978 4 0 0 0 0 0 4 0 0
980 16 0 0 4 0 0 4 0 0
fn=check_match
92 648 1 1 162 9 7 324 0 0
95 567 0 0 162 6 6 0 0 0
107 486 1 1 81 0 0 81 2 0
110 426 0 0 34 0 0 17 0 0
114 81 1 1 81 1 0 0 0 0
115 162 0 0 0 0 0 0 0 0
117 160 0 0 0 0 0 0 0 0
136 160 0 0 160 7 3 0 0 0
137 640 0 0 240 2 0 0 0 0
138 480 2 2 160 0 0 80 0 0
165 2 0 0 0 0 0 0 0 0
167 6 0 0 2 0 0 0 0 0
168 4 0 0 0 0 0 0 0 0
176 81 0 0 0 0 0 0 0 0
183 486 1 1 405 0 0 0 0 0
fn=do_lookup_x
267 28 2 2 20 0 0 0 0 0
311 208 0 0 0 0 0 0 0 0
355 1092 2 2 91 0 0 910 3 1
356 91 0 0 91 1 0 0 0 0
362 91 0 0 91 0 0 0 0 0
366 578 0 0 578 6 0 0 0 0
369 578 0 0 0 0 0 0 0 0
373 1033 1 1 91 0 0 182 0 0
377 578 1 1 289 4 0 0 0 0
381 578 0 0 289 1 0 0 0 0
387 867 0 0 289 1 0 0 0 0
391 289 0 0 0 0 0 289 0 0
392 289 1 1 0 0 0 289 0 0
395 867 0 0 578 8 0 289 0 0
396 867 0 0 578 1 0 289 0 0
399 289 0 0 289 0 0 0 0 0
400 578 0 0 0 0 0 0 0 0
402 289 0 0 289 37 33 0 0 0
403 364 0 0 0 0 0 91 0 0
404 578 0 0 578 0 0 0 0 0
406 546 0 0 91 0 0 182 0 0
407 1156 1 1 578 0 0 0 0 0
410 2023 0 0 289 0 0 0 0 0
413 170 0 0 170 47 45 0 0 0
414 340 2 2 85 0 0 0 0 0
415 170 0 0 0 0 0 0 0 0
417 1105 1 1 340 0 0 425 0 0
420 835 0 0 167 62 62 0 0 0
422 324 1 1 81 0 0 0 0 0
423 1053 1 1 567 0 0 486 1 0
424 162 0 0 0 0 0 0 0 0
427 243 0 0 0 0 0 0 0 0
430 258 0 0 0 0 0 0 0 0
439 729 2 2 405 0 0 0 0 0
461 8 1 1 4 0 0 0 0 0
469 162 1 1 81 0 0 0 0 0
520 162 0 0 0 0 0 0 0 0
523 604 0 0 81 0 0 0 0 0
527 33 0 0 11 1 0 0 0 0
539 162 1 1 81 0 0 81 0 0
540 81 0 0 0 0 0 81 0 0
541 162 0 0 0 0 0 0 0 0
557 1412 1 1 540 0 0 0 0 0
558 135 0 0 0 0 0 27 0 0
561 624 0 0 0 0 0 0 0 0
564 10 0 0 0 0 0 0 0 0
565 728 1 1 637 0 0 0 0 0
fl=/build/glibc-mXZSwJ/glibc-2.24/elf/dl-minimal.c
fn=__libc_memalign
52 6 0 0 0 0 0 4 0 0
53 87 1 1 43 0 0 0 0 0
58 3 0 0 0 0 0 1 0 0
59 2 1 1 1 0 0 0 0 0
60 2 0 0 0 0 0 0 0 0
64 66 1 1 0 0 0 22 0 0
65 22 0 0 0 0 0 0 0 0
67 146 0 0 0 0 0 0 0 0
72 8 1 1 2 0 0 0 0 0
73 4 0 0 0 0 0 0 0 0
75 2 0 0 0 0 0 0 0 0
76 16 0 0 0 0 0 2 0 0
78 10 0 0 4 0 0 0 0 0
82 6 0 0 0 0 0 2 0 0
85 22 0 0 0 0 0 22 0 0
86 22 1 1 0 0 0 22 0 0
88 50 0 0 26 0 0 0 0 0
fn=calloc
101 8 1 1 0 0 0 0 0 0
105 8 0 0 0 0 0 0 0 0
108 16 0 0 0 0 0 0 0 0
109 24 0 0 0 0 0 0 0 0
112 8 0 0 0 0 0 0 0 0
fn=free
118 1 1 1 0 0 0 1 0 0
120 3 0 0 1 0 0 0 0 0
127 2 0 0 2 0 0 0 0 0
fn=malloc
92 21 0 0 0 0 0 0 0 0
93 42 0 0 0 0 0 0 0 0
fn=strsep
352 4 1 1 2 0 0 0 0 0
354 2 0 0 2 0 0 0 0 0
355 4 0 0 0 0 0 0 0 0
359 77 1 1 15 0 0 0 0 0
364 56 0 0 28 0 0 0 0 0
366 84 0 0 28 0 0 0 0 0
374 14 0 0 0 0 0 0 0 0
377 1 0 0 0 0 0 1 0 0
381 2 0 0 2 0 0 0 0 0
fl=/build/glibc-mXZSwJ/glibc-2.24/elf/dl-misc.c
fn=_dl_name_match_p
288 205 1 1 0 0 0 82 1 1
289 164 0 0 41 1 0 41 1 1
290 44 0 0 0 0 0 0 0 0
292 41 1 1 41 0 0 0 0 0
294 166 0 0 0 0 0 0 0 0
295 225 0 0 45 3 0 45 0 0
298 42 0 0 42 0 0 0 0 0
300 38 0 0 0 0 0 0 0 0
301 205 1 1 123 0 0 0 0 0
fn=_dl_sysdep_read_whole_file
45 8 1 1 0 0 0 4 1 1
52 3 0 0 0 0 0 1 0 0
53 2 0 0 0 0 0 0 0 0
55 7 1 1 0 0 0 1 0 0
57 2 0 0 1 0 0 1 0 0
60 2 0 0 0 0 0 0 0 0
62 8 1 1 0 0 0 1 0 0
73 2 0 0 0 0 0 1 0 0
76 7 0 0 5 0 0 0 0 0
fl=/build/glibc-mXZSwJ/glibc-2.24/elf/dl-object.c
fn=_dl_add_to_namespace_list
32 15 1 1 0 0 0 9 0 0
34 9 1 1 3 0 0 3 0 0
36 22 0 0 3 0 0 0 0 0
39 15 0 0 5 0 0 0 0 0
41 2 0 0 0 0 0 2 0 0
43 2 0 0 0 0 0 2 0 0
46 2 0 0 0 0 0 1 0 0
47 9 0 0 3 0 0 0 0 0
48 6 0 0 3 0 0 3 0 0
49 6 0 0 0 0 0 3 0 0
51 6 0 0 3 0 0 0 0 0
52 9 0 0 9 0 0 0 0 0
fn=_dl_new_object
61 39 2 2 0 0 0 27 3 3
62 18 0 0 0 0 0 3 0 0
68 15 0 0 6 1 1 0 0 0
69 21 1 1 0 0 0 0 0 0
75 18 0 0 0 0 0 9 0 0
78 6 1 1 0 0 0 0 0 0
81 3 0 0 0 0 0 3 2 2
82 9 0 0 3 0 0 3 3 3
86 6 0 0 0 0 0 3 1 1
87 21 1 1 6 0 0 9 1 1
89 3 0 0 0 0 0 3 0 0
97 18 0 0 6 0 0 3 1 1
98 18 1 1 6 3 3 3 0 0
101 6 0 0 3 0 0 0 0 0
102 8 2 2 2 0 0 3 3 3
103 3 0 0 0 0 0 3 0 0
107 3 0 0 0 0 0 3 0 0
110 44 0 0 0 0 0 0 0 0
112 32 0 0 0 0 0 16 4 4
122 6 1 1 0 0 0 3 0 0
123 3 0 0 0 0 0 3 3 3
128 18 0 0 3 1 1 0 0 0
130 8 0 0 0 0 0 2 1 1
133 8 2 2 0 0 0 0 0 0
137 6 0 0 2 0 0 0 0 0
141 12 1 1 0 0 0 0 0 0
149 1 0 0 0 0 0 1 0 0
152 6 0 0 0 0 0 3 1 1
155 9 1 1 0 0 0 3 0 0
157 14 0 0 2 0 0 4 0 0
161 8 0 0 2 0 0 0 0 0
165 6 0 0 0 0 0 2 0 0
166 8 0 0 0 0 0 0 0 0
211 48 1 1 4 0 0 2 0 0
216 42 0 0 0 0 0 0 0 0
217 88 0 0 42 0 0 0 0 0
222 4 0 0 0 0 0 2 0 0
225 2 0 0 0 0 0 2 0 0
229 27 0 0 21 0 0 0 0 0
fl=/build/glibc-mXZSwJ/glibc-2.24/elf/dl-open.c
fn=_dl_find_dso_for_object
182 5 1 1 1 0 0 0 0 0
183 10 2 2 3 0 0 0 0 0
184 12 0 0 6 1 0 0 0 0
185 2 0 0 1 0 0 0 0 0
188 2 1 1 1 0 0 0 0 0
192 1 0 0 1 0 0 0 0 0
fl=/build/glibc-mXZSwJ/glibc-2.24/elf/dl-reloc.c
fn=_dl_relocate_object
149 48 2 2 0 0 0 32 0 0
156 4 0 0 0 0 0 4 0 0
159 6 0 0 0 0 0 0 0 0
160 16 0 0 0 0 0 8 0 0
164 8 0 0 0 0 0 0 0 0
165 24 0 0 4 1 0 4 0 0
171 8 0 0 4 0 0 0 0 0
177 12 1 1 4 0 0 0 0 0
178 8 1 1 4 3 0 0 0 0
181 9 0 0 4 0 0 0 0 0
188 8 0 0 4 0 0 0 0 0
232 12 0 0 8 0 0 4 0 0
259 182 4 4 56 12 0 51 0 0
262 16 0 0 4 0 0 0 0 0
286 4 0 0 4 0 0 0 0 0
289 8 0 0 4 0 0 0 0 0
306 12 0 0 4 3 0 0 0 0
308 32 0 0 28 1 0 0 0 0
314 28 1 1 12 0 0 4 0 0
317 8 0 0 0 0 0 0 0 0
321 8 0 0 0 0 0 0 0 0
322 24 1 1 4 0 0 4 0 0
fl=/build/glibc-mXZSwJ/glibc-2.24/elf/dl-tls.c
fn=_dl_add_to_slotinfo
890 4 1 1 0 0 0 3 0 0
896 2 1 1 1 0 0 0 0 0
899 1 0 0 1 1 0 0 0 0
904 3 0 0 1 0 0 0 0 0
945 1 0 0 0 0 0 1 1 0
946 5 1 1 1 1 0 1 0 0
947 4 0 0 4 0 0 0 0 0
fn=_dl_allocate_tls_init
449 9 1 1 0 0 0 7 0 0
450 2 0 0 0 0 0 0 0 0
454 2 1 1 1 1 0 1 0 0
456 1 0 0 0 0 0 1 0 0
457 3 0 0 1 0 0 0 0 0
460 3 0 0 2 1 0 0 0 0
472 1 0 0 1 0 0 0 0 0
477 9 0 0 1 0 0 0 0 0
483 16 1 1 1 0 0 1 0 0
486 1 1 1 1 0 0 0 0 0
487 2 0 0 0 0 0 0 0 0
493 3 0 0 2 0 0 0 0 0
494 2 0 0 0 0 0 0 0 0
496 5 0 0 2 0 0 1 0 0
497 1 1 1 0 0 0 1 0 0
499 2 0 0 0 0 0 0 0 0
500 2 0 0 1 0 0 0 0 0
503 2 0 0 0 0 0 0 0 0
504 4 0 0 2 0 0 0 0 0
506 2 0 0 0 0 0 0 0 0
507 3 0 0 1 0 0 0 0 0
515 9 1 1 3 0 0 2 0 0
529 3 1 1 2 0 0 1 0 0
532 8 0 0 7 0 0 0 0 0
fn=_dl_allocate_tls_storage
321 2 1 1 1 0 0 0 0 0
322 3 0 0 0 0 0 1 0 0
323 2 0 0 0 0 0 0 0 0
326 1 0 0 0 0 0 1 1 1
332 2 0 0 0 0 0 1 0 0
354 3 1 1 0 0 0 3 0 0
356 1 0 0 1 0 0 0 0 0
367 3 0 0 1 0 0 1 0 0
368 2 0 0 0 0 0 0 0 0
375 2 1 1 0 0 0 0 0 0
379 297 0 0 0 0 0 289 36 36
396 5 0 0 4 0 0 0 0 0
fn=_dl_count_modids
115 2 1 1 1 0 0 0 0 0
116 2 0 0 2 0 0 0 0 0
fn=_dl_determine_tlsoffset
138 5 0 0 0 0 0 5 0 0
144 3 1 1 1 0 0 0 0 0
147 2 1 1 1 0 0 0 0 0
183 12 0 0 2 1 1 0 0 0
185 10 0 0 1 0 0 0 0 0
187 3 1 1 1 0 0 0 0 0
188 2 1 1 1 0 0 0 0 0
190 2 0 0 0 0 0 0 0 0
192 5 0 0 1 0 0 0 0 0
208 8 1 1 0 0 0 0 0 0
210 2 0 0 0 0 0 0 0 0
211 2 0 0 0 0 0 0 0 0
220 1 0 0 0 0 0 1 0 0
223 1 1 1 0 0 0 1 0 0
224 1 0 0 0 0 0 1 0 0
275 1 0 0 0 0 0 1 0 0
276 6 0 0 6 0 0 0 0 0
fn=_dl_next_tls_modid
52 4 1 1 2 0 0 0 0 0
100 2 0 0 1 0 0 1 0 0
fl=/build/glibc-mXZSwJ/glibc-2.24/elf/dl-version.c
fn=_dl_check_all_versions
380 5 1 1 0 0 0 4 0 0
384 19 0 0 4 0 0 0 0 0
385 4 0 0 0 0 0 0 0 0
386 40 1 1 4 0 0 4 0 0
389 7 1 1 5 0 0 0 0 0
fn=_dl_check_map_versions
56 24 0 0 4 0 0 0 0 0
57 5 0 0 5 0 0 0 0 0
58 35 1 1 0 0 0 7 0 0
174 32 1 1 0 0 0 24 0 0
175 2 0 0 0 0 0 0 0 0
183 2 1 1 0 0 0 0 0 0
189 12 0 0 4 0 0 0 0 0
191 8 0 0 4 0 0 4 0 0
193 8 0 0 4 0 0 4 0 0
194 20 1 1 4 0 0 12 0 0
196 8 0 0 0 0 0 0 0 0
199 6 0 0 4 0 0 2 0 0
203 10 1 1 2 2 2 0 0 0
220 4 0 0 4 0 0 0 0 0
228 6 0 0 2 0 0 0 0 0
233 9 0 0 4 0 0 0 0 0
237 50 2 2 26 1 1 6 0 0
239 3 0 0 3 0 0 0 0 0
244 18 0 0 9 0 0 0 0 0
247 9 0 0 3 0 0 0 0 0
256 8 0 0 4 0 0 0 0 0
270 9 1 1 4 0 0 0 0 0
273 8 0 0 6 0 0 0 0 0
276 124 0 0 31 9 9 0 0 0
279 93 0 0 31 4 4 0 0 0
283 29 0 0 0 0 0 0 0 0
287 6 1 1 0 0 0 0 0 0
292 3 0 0 0 0 0 3 0 0
293 12 1 1 0 0 0 3 0 0
294 6 0 0 0 0 0 0 0 0
302 3 0 0 0 0 0 3 0 0
305 9 1 1 6 0 0 3 0 0
307 9 0 0 3 0 0 0 0 0
310 8 0 0 6 0 0 0 0 0
314 6 0 0 2 0 0 0 0 0
317 9 0 0 3 0 0 0 0 0
319 9 0 0 0 0 0 0 0 0
321 15 1 1 3 0 0 3 0 0
322 9 0 0 0 0 0 3 2 2
323 9 0 0 3 0 0 3 1 1
324 9 0 0 3 0 0 3 0 0
327 9 0 0 3 0 0 0 0 0
332 1 0 0 0 0 0 0 0 0
335 6 0 0 2 0 0 0 0 0
345 9 1 1 3 0 0 0 0 0
348 8 0 0 6 0 0 0 0 0
352 29 0 0 29 0 0 0 0 0
354 62 0 0 31 0 0 0 0 0
358 29 0 0 29 0 0 0 0 0
359 145 0 0 29 0 0 29 8 8
360 87 0 0 29 0 0 29 0 0
361 29 0 0 0 0 0 29 3 3
364 95 0 0 31 0 0 0 0 0
368 29 0 0 0 0 0 0 0 0
374 36 0 0 28 0 0 0 0 0
fn=match_symbol
76 39 2 2 0 0 0 24 1 1
77 6 0 0 6 0 0 0 0 0
85 6 0 0 3 0 0 0 0 0
91 9 0 0 3 0 0 0 0 0
106 3 0 0 3 1 0 0 0 0
107 6 0 0 0 0 0 0 0 0
109 3 0 0 3 0 0 0 0 0
114 20 0 0 10 3 3 0 0 0
128 20 0 0 10 0 0 0 0 0
130 3 1 1 3 0 0 0 0 0
133 18 1 1 3 0 0 3 0 0
140 21 1 1 7 0 0 0 0 0
144 7 0 0 0 0 0 0 0 0
168 24 0 0 21 0 0 0 0 0
fl=/build/glibc-mXZSwJ/glibc-2.24/elf/do-rel.h
fn=_dl_relocate_object
47 24 1 1 8 0 0 8 0 0
48 8 0 0 8 0 0 0 0 0
58 24 0 0 8 0 0 0 0 0
61 50 0 0 0 0 0 0 0 0
63 56 1 1 14 4 4 0 0 0
65 26 0 0 0 0 0 0 0 0
74 4 0 0 0 0 0 0 0 0
75 46 2 2 17 0 0 0 0 0
76 16 0 0 8 0 0 0 0 0
83 12 0 0 6 0 0 6 0 0
84 6 1 1 6 0 0 0 0 0
86 24 1 1 12 0 0 0 0 0
98 18 0 0 0 0 0 0 0 0
108 8 0 0 0 0 0 0 0 0
111 3614 0 0 0 0 0 0 0 0
112 2402 0 0 1201 0 0 0 0 0
118 18 0 0 6 4 0 0 0 0
121 10 0 0 5 3 0 5 1 0
124 325 2 2 109 1 0 3 1 0
127 404 0 0 101 26 24 0 0 0
136 404 0 0 202 43 40 0 0 0
137 404 0 0 101 0 0 101 0 0
138 353 0 0 101 1 0 0 0 0
139 202 0 0 101 0 0 0 0 0
143 6 0 0 0 0 0 0 0 0
160 26 1 1 8 0 0 2 0 0
162 24 1 1 6 2 2 0 0 0
170 36 0 0 6 0 0 6 0 0
171 12 0 0 6 0 0 0 0 0
174 2 1 1 0 0 0 0 0 0
fn=_dl_start
83 1 0 0 1 0 0 0 0 0
84 1 0 0 1 0 0 0 0 0
111 33 0 0 0 0 0 0 0 0
112 20 0 0 10 2 2 0 0 0
116 2 0 0 1 0 0 0 0 0
124 22 1 1 0 0 0 0 0 0
136 18 1 1 6 1 1 0 0 0
137 12 0 0 0 0 0 0 0 0
139 12 0 0 6 0 0 0 0 0
fl=/build/glibc-mXZSwJ/glibc-2.24/elf/get-dynamic-info.h
fn=_dl_map_object_from_fd
39 4 0 0 0 0 0 0 0 0
43 2 0 0 0 0 0 0 0 0
45 141 0 0 47 13 13 0 0 0
47 90 0 0 0 0 0 0 0 0
60 42 1 1 0 0 0 0 0 0
61 71 0 0 0 0 0 43 11 11
62 8 0 0 0 0 0 0 0 0
64 2 0 0 0 0 0 0 0 0
65 10 0 0 0 0 0 0 0 0
67 2 1 1 0 0 0 0 0 0
68 10 1 1 0 0 0 0 0 0
69 2 0 0 0 0 0 0 0 0
70 8 0 0 0 0 0 2 0 0
71 45 0 0 0 0 0 0 0 0
78 4 1 1 0 0 0 0 0 0
98 7 0 0 3 0 0 0 0 0
99 8 0 0 4 0 0 0 0 0
100 8 0 0 4 0 0 0 0 0
101 8 0 0 4 0 0 0 0 0
103 8 1 1 4 0 0 0 0 0
108 8 0 0 4 0 0 0 0 0
109 7 0 0 3 1 1 0 0 0
110 8 0 0 4 0 0 0 0 0
116 6 0 0 2 0 0 0 0 0
121 4 1 1 2 0 0 0 0 0
128 4 0 0 2 0 0 0 0 0
129 6 0 0 4 0 0 0 0 0
145 6 0 0 2 0 0 0 0 0
150 2 0 0 1 0 0 1 0 0
152 2 0 0 0 0 0 0 0 0
154 2 0 0 0 0 0 0 0 0
156 2 0 0 0 0 0 0 0 0
159 6 1 1 2 0 0 0 0 0
161 4 0 0 1 0 0 1 0 0
169 2 1 1 1 0 0 0 0 0
174 2 0 0 0 0 0 0 0 0
177 4 0 0 2 0 0 0 0 0
fn=_dl_start
45 57 0 0 19 6 6 0 0 0
47 36 1 1 0 0 0 0 0 0
48 1 1 1 0 0 0 0 0 0
60 21 0 0 0 0 0 0 0 0
61 29 0 0 0 0 0 17 7 7
62 4 0 0 0 0 0 0 0 0
64 2 0 0 0 0 0 0 0 0
65 5 1 1 0 0 0 0 0 0
67 2 0 0 0 0 0 0 0 0
68 5 1 1 0 0 0 0 0 0
69 1 0 0 0 0 0 0 0 0
70 5 0 0 0 0 0 1 1 1
71 18 0 0 0 0 0 0 0 0
78 2 1 1 0 0 0 0 0 0
98 4 0 0 2 0 0 0 0 0
99 4 0 0 2 0 0 0 0 0
100 4 0 0 2 0 0 0 0 0
101 4 1 1 2 0 0 0 0 0
103 4 0 0 2 0 0 0 0 0
108 4 0 0 2 0 0 0 0 0
109 4 0 0 2 0 0 0 0 0
110 4 1 1 2 0 0 0 0 0
116 3 0 0 1 0 0 0 0 0
121 2 0 0 1 0 0 0 0 0
128 3 0 0 1 0 0 0 0 0
129 3 0 0 2 0 0 0 0 0
137 3 1 1 1 0 0 0 0 0
139 3 0 0 1 0 0 0 0 0
142 2 0 0 1 0 0 0 0 0
143 2 1 1 1 0 0 0 0 0
fn=dl_main
30 1 0 0 1 0 0 0 0 0
39 2 0 0 0 0 0 0 0 0
43 1 0 0 0 0 0 0 0 0
45 72 0 0 24 7 7 0 0 0
47 46 1 1 0 0 0 0 0 0
60 25 0 0 0 0 0 0 0 0
61 39 0 0 0 0 0 22 6 6
62 4 0 0 0 0 0 0 0 0
64 1 0 0 0 0 0 0 0 0
65 5 1 1 0 0 0 0 0 0
67 1 0 0 0 0 0 0 0 0
68 5 2 2 0 0 0 0 0 0
69 1 0 0 0 0 0 0 0 0
70 4 0 0 0 0 0 1 0 0
71 23 0 0 0 0 0 0 0 0
78 3 0 0 1 0 0 0 0 0
98 3 0 0 1 0 0 0 0 0
99 4 1 1 2 0 0 0 0 0
100 4 0 0 2 0 0 0 0 0
101 4 0 0 2 0 0 0 0 0
103 4 0 0 2 0 0 0 0 0
108 3 1 1 1 0 0 0 0 0
109 4 0 0 2 0 0 0 0 0
110 4 0 0 2 0 0 0 0 0
116 3 0 0 1 0 0 0 0 0
128 2 1 1 1 0 0 0 0 0
129 3 0 0 2 0 0 0 0 0
145 3 0 0 1 0 0 0 0 0
150 2 0 0 1 0 0 1 1 1
152 2 0 0 0 0 0 0 0 0
154 2 0 0 0 0 0 0 0 0
156 2 1 1 0 0 0 0 0 0
157 1 0 0 0 0 0 1 0 0
159 3 0 0 1 0 0 0 0 0
161 3 0 0 1 0 0 1 0 0
169 2 0 0 1 0 0 0 0 0
174 2 0 0 0 0 0 0 0 0
175 2 1 1 1 0 0 1 0 0
177 2 0 0 1 0 0 0 0 0
fl=/build/glibc-mXZSwJ/glibc-2.24/elf/rtld.c
fn=_dl_initial_error_catch_tsd
664 8 1 1 4 0 0 0 0 0
fn=_dl_start
302 2 0 0 0 0 0 1 1 1
303 2 1 1 0 0 0 1 0 0
304 2 0 0 0 0 0 1 1 1
305 2 0 0 0 0 0 1 0 0
306 2 0 0 0 0 0 1 0 0
314 5 1 1 0 0 0 1 1 1
317 1 0 0 0 0 0 1 0 0
323 4 1 0 0 0 0 1 0 0
332 4 0 0 0 0 0 0 0 0
335 2 0 0 1 1 0 1 1 0
339 2 0 0 1 0 0 0 0 0
353 9 1 1 0 0 0 6 1 1
371 5 0 0 0 0 0 1 1 1
394 1 0 0 0 0 0 1 0 0
397 1 0 0 0 0 0 1 1 1
408 2 0 0 0 0 0 0 0 0
413 26 2 2 8 0 0 0 0 0
415 1 0 0 1 1 1 0 0 0
440 9 1 0 7 1 0 0 0 0
fn=dl_main
719 1 0 0 1 0 0 0 0 0
721 1 0 0 0 0 0 1 0 0
730 1 0 0 0 0 0 1 0 0
732 1 0 0 0 0 0 1 0 0
737 1 0 0 0 0 0 1 0 0
790 12 2 2 0 0 0 7 1 1
799 1 0 0 0 0 0 0 0 0
805 1 1 1 0 0 0 1 0 0
809 2 0 0 0 0 0 1 0 0
812 2 0 0 0 0 0 1 1 1
816 2 0 0 0 0 0 1 1 1
817 2 0 0 0 0 0 1 0 0
822 2 1 1 0 0 0 1 0 0
832 3 1 1 1 0 0 0 0 0
1033 8 1 1 0 0 0 1 0 0
1035 2 0 0 0 0 0 0 0 0
1036 1 0 0 0 0 0 1 0 0
1037 2 0 0 1 0 0 1 0 0
1038 2 1 1 1 0 0 1 0 0
1042 3 0 0 0 0 0 1 0 0
1043 3 0 0 1 0 0 0 0 0
1064 1 0 0 0 0 0 1 1 1
1065 1 1 1 0 0 0 1 0 0
1067 1 0 0 0 0 0 1 0 0
1069 1 0 0 1 0 0 0 0 0
1072 33 0 0 1 0 0 0 0 0
1073 71 1 1 9 5 5 0 0 0
1077 3 1 1 1 0 0 1 0 0
1078 1 1 1 0 0 0 0 0 0
1082 3 1 1 2 0 0 1 0 0
1083 1 0 0 0 0 0 0 0 0
1091 2 1 1 0 0 0 1 1 1
1092 3 1 1 2 1 1 0 0 0
1094 1 0 0 0 0 0 1 0 0
1101 2 0 0 1 0 0 0 0 0
1113 1 1 1 0 0 0 0 0 0
1119 1 0 0 0 0 0 0 0 0
1127 4 0 0 2 0 0 0 0 0
1128 11 1 1 3 1 1 0 0 0
1129 4 0 0 2 0 0 0 0 0
1130 1 0 0 0 0 0 1 0 0
1133 4 0 0 2 1 1 0 0 0
1134 4 0 0 2 0 0 0 0 0
1135 2 0 0 0 0 0 2 0 0
1136 6 0 0 3 0 0 0 0 0
1137 2 0 0 0 0 0 1 0 0
1164 2 0 0 1 0 0 1 0 0
1165 1 0 0 0 0 0 0 0 0
1168 2 0 0 1 0 0 1 0 0
1169 2 0 0 1 0 0 1 0 0
1170 1 0 0 0 0 0 0 0 0
1175 5 1 1 3 1 1 0 0 0
1178 2 0 0 0 0 0 0 0 0
1180 2 0 0 0 0 0 0 0 0
1182 3 1 1 1 0 0 0 0 0
1195 3 0 0 1 0 0 0 0 0
1196 9 1 1 4 0 0 2 0 0
1201 2 0 0 1 0 0 1 0 0
1203 1 0 0 0 0 0 1 1 1
1204 1 0 0 0 0 0 1 0 0
1206 2 0 0 1 0 0 0 0 0
1207 2 1 1 0 0 0 1 0 0
1211 2 0 0 1 0 0 0 0 0
1213 2 0 0 0 0 0 0 0 0
1218 2 0 0 0 0 0 1 0 0
1221 2 0 0 1 0 0 0 0 0
1237 4 1 1 0 0 0 2 0 0
1243 9 2 2 1 0 0 2 0 0
1248 2 1 1 1 0 0 1 0 0
1251 4 0 0 1 0 0 1 0 0
1253 1 0 0 0 0 0 1 0 0
1258 2 0 0 1 0 0 0 0 0
1261 3 1 1 2 0 0 1 0 0
1262 4 0 0 1 0 0 1 0 0
1263 2 0 0 1 0 0 1 0 0
1264 1 0 0 0 0 0 1 0 0
1265 1 0 0 1 0 0 0 0 0
1266 1 0 0 1 0 0 0 0 0
1271 2 1 1 1 0 0 0 0 0
1272 5 0 0 1 0 0 1 0 0
1289 2 0 0 1 1 1 0 0 0
1290 2 0 0 1 0 0 0 0 0
1292 3 0 0 1 0 0 0 0 0
1294 1 0 0 0 0 0 1 0 0
1295 4 1 1 1 0 0 1 1 1
1300 3 0 0 0 0 0 0 0 0
1301 5 1 1 1 1 1 0 0 0
1303 2 0 0 1 0 0 1 1 1
1304 2 0 0 1 0 0 1 0 0
1309 2 0 0 1 0 0 0 0 0
1314 3 0 0 1 0 0 0 0 0
1491 2 0 0 0 0 0 2 0 0
1499 3 0 0 1 0 0 0 0 0
1502 1 0 0 0 0 0 1 0 0
1506 3 0 0 1 0 0 0 0 0
1511 1 1 1 0 0 0 1 0 0
1512 1 0 0 0 0 0 1 0 0
1513 1 0 0 0 0 0 0 0 0
1517 3 0 0 1 0 0 0 0 0
1532 3 0 0 2 0 0 0 0 0
1533 1 0 0 0 0 0 0 0 0
1534 1 0 0 0 0 0 0 0 0
1536 3 0 0 1 0 0 0 0 0
1538 5 0 0 0 0 0 0 0 0
1539 3 1 1 0 0 0 1 0 0
1540 4 0 0 0 0 0 0 0 0
1542 2 0 0 1 0 0 0 0 0
1552 5 0 0 0 0 0 1 0 0
1629 4 1 1 2 0 0 0 0 0
1633 8 1 1 0 0 0 0 0 0
1634 1 0 0 0 0 0 0 0 0
1637 3 0 0 0 0 0 1 0 0
1638 1 0 0 1 0 0 0 0 0
1639 2 0 0 0 0 0 0 0 0
1640 2 0 0 0 0 0 0 0 0
1646 5 0 0 0 0 0 0 0 0
1647 8 0 0 1 0 0 1 0 0
1648 4 1 1 0 0 0 0 0 0
1650 2 0 0 1 0 0 0 0 0
1653 15 0 0 2 0 0 0 0 0
1654 12 1 1 8 0 0 0 0 0
1657 3 0 0 2 0 0 1 0 0
1658 4 1 1 1 0 0 0 0 0
1659 1 0 0 0 0 0 1 0 0
1661 10 0 0 0 0 0 0 0 0
1662 13 1 1 7 0 0 0 0 0
1672 2 1 1 0 0 0 1 0 0
1674 2 0 0 1 0 0 1 0 0
1675 3 0 0 1 0 0 0 0 0
1677 2 1 1 0 0 0 1 0 0
1679 3 0 0 0 0 0 0 0 0
1681 3 0 0 1 0 0 0 0 0
1682 1 0 0 1 0 0 0 0 0
1695 2 0 0 0 0 0 0 0 0
1696 2 0 0 1 0 0 1 0 0
1697 3 1 1 1 0 0 0 0 0
1708 5 0 0 1 0 0 1 0 0
1709 1 1 1 0 0 0 1 0 0
1710 5 0 0 0 0 0 1 0 0
1720 2 0 0 1 0 0 1 0 0
1721 2 0 0 1 0 0 0 0 0
1722 2 0 0 0 0 0 2 0 0
1724 2 1 1 1 0 0 0 0 0
1729 3 1 1 1 0 0 0 0 0
1959 3 0 0 1 1 1 0 0 0
2015 2 1 1 0 0 0 1 0 0
2019 4 0 0 2 0 0 2 0 0
2023 2 0 0 1 0 0 1 0 0
2026 2 0 0 1 0 0 0 0 0
2080 3 2 2 1 0 0 0 0 0
2087 1 0 0 1 0 0 0 0 0
2089 7 0 0 1 0 0 0 0 0
2091 11 1 1 0 0 0 0 0 0
2093 12 0 0 8 1 0 0 0 0
2098 8 0 0 8 0 0 0 0 0
2100 10 1 1 0 0 0 0 0 0
2102 1 1 1 0 0 0 1 0 0
2103 1 0 0 1 0 0 0 0 0
2106 4 0 0 4 0 0 0 0 0
2108 8 0 0 4 1 0 0 0 0
2109 24 0 0 6 2 0 3 0 0
2113 14 0 0 5 2 0 0 0 0
2114 3 0 0 0 0 0 1 0 0
2116 4 0 0 0 0 0 0 0 0
2118 2 0 0 0 0 0 1 0 0
2124 2 0 0 1 0 0 0 0 0
2129 4 2 2 2 1 0 0 0 0
2131 1 0 0 1 0 0 0 0 0
2136 3 0 0 1 0 0 1 0 0
2139 2 0 0 1 0 0 0 0 0
2148 3 0 0 2 0 0 0 0 0
2150 2 0 0 1 0 0 0 0 0
2165 5 1 1 0 0 0 0 0 0
2167 1 0 0 1 0 0 0 0 0
2168 5 0 0 1 0 0 1 0 0
2169 4 0 0 0 0 0 0 0 0
2171 2 1 1 1 0 0 0 0 0
2179 1 0 0 0 0 0 1 0 0
2183 3 0 0 1 0 0 0 0 0
2203 4 0 0 0 0 0 1 0 0
2204 1 0 0 0 0 0 1 0 0
2205 1 0 0 0 0 0 1 0 0
2206 1 0 0 0 0 0 0 0 0
2210 1 0 0 0 0 0 1 0 0
2215 8 0 0 7 2 0 0 0 0
2383 2 0 0 1 0 0 1 1 1
2385 1 0 0 0 0 0 1 0 0
2386 1 0 0 0 0 0 0 0 0
2390 12 1 1 1 0 0 4 0 0
2392 15 0 0 3 0 0 3 1 1
2396 107 1 1 21 1 1 0 0 0
2397 19 0 0 0 0 0 0 0 0
2399 4 0 0 0 0 0 0 0 0
2405 14 0 0 2 1 1 0 0 0
2426 6 1 1 0 0 0 1 0 0
2433 6 1 1 0 0 0 1 0 0
2435 3 0 0 0 0 0 1 0 0
2480 3 1 1 1 0 0 0 0 0
2481 6 1 1 0 0 0 1 0 0
2483 3 1 1 0 0 0 1 1 1
2553 3 0 0 1 0 0 0 0 0
2583 3 0 0 1 0 0 0 0 0
fn=handle_ld_preload
108 3 0 0 1 0 0 0 0 0
672 1 0 0 0 0 0 1 0 0
676 1 0 0 0 0 0 1 0 0
677 1 0 0 0 0 0 1 0 0
678 1 0 0 0 0 0 1 0 0
680 1 0 0 1 0 0 0 0 0
682 12 1 1 2 0 0 3 1 1
683 3 1 1 1 0 0 0 0 0
691 3 0 0 1 0 0 0 0 0
757 9 1 1 0 0 0 6 0 0
758 1 0 0 0 0 0 0 0 0
762 4 0 0 2 0 0 0 0 0
765 4 0 0 0 0 0 1 1 1
766 3 1 1 0 0 0 0 0 0
768 5 3 3 0 0 0 1 0 0
769 2 0 0 0 0 0 1 0 0
775 1 0 0 0 0 0 0 0 0
776 5 0 0 1 0 0 0 0 0
779 2 0 0 1 0 0 0 0 0
780 1 0 0 0 0 0 0 0 0
783 9 0 0 7 0 0 0 0 0
fn=init_tls
589 2 0 0 0 0 0 1 0 0
591 2 0 0 1 0 0 1 0 0
595 2 0 0 1 0 0 0 0 0
601 2 0 0 0 0 0 1 0 0
604 1 0 0 0 0 0 1 0 0
605 4 1 1 0 0 0 1 0 0
610 1 0 0 0 0 0 0 0 0
612 1 0 0 0 0 0 1 0 0
616 2 0 0 1 1 1 0 0 0
617 1 0 0 0 0 0 0 0 0
618 11 1 1 1 0 0 0 0 0
619 8 0 0 4 0 0 0 0 0
620 8 0 0 4 0 0 0 0 0
624 3 0 0 0 0 0 1 0 0
626 1 0 0 0 0 0 0 0 0
628 3 1 1 0 0 0 0 0 0
631 1 0 0 0 0 0 1 0 0
638 2 0 0 0 0 0 1 0 0
639 2 0 0 0 0 0 0 0 0
645 2 1 1 1 0 0 1 0 0
648 7 0 0 0 0 0 2 0 0
651 1 1 1 0 0 0 1 0 0
654 3 0 0 2 0 0 0 0 0
fn=map_doit
496 2 1 1 0 0 0 1 0 0
498 4 0 0 1 0 0 0 0 0
499 6 0 0 2 0 0 2 0 0
501 2 0 0 2 0 0 0 0 0
fn=rtld_lock_default_lock_recursive
704 10 1 1 10 2 1 0 0 0
fn=rtld_lock_default_unlock_recursive
710 10 0 0 10 1 0 0 0 0
fn=version_check_doit
529 2 1 1 0 0 0 1 0 0
531 6 0 0 2 0 0 1 0 0
535 2 0 0 2 0 0 0 0 0
fl=/build/glibc-mXZSwJ/glibc-2.24/elf/setup-vdso.h
fn=dl_main
24 2 1 1 1 0 0 0 0 0
fl=/build/glibc-mXZSwJ/glibc-2.24/io/../sysdeps/unix/syscall-template.S
fn=__write_nocancel
84 110 0 0 22 0 0 0 0 0
fn=access
84 12 1 1 0 0 0 0 0 0
86 15 0 0 3 0 0 3 0 0
fn=close
84 12 0 0 0 0 0 0 0 0
85 3 0 0 3 0 0 0 0 0
fn=open
84 28 1 1 0 0 0 0 0 0
85 3 0 0 3 0 0 0 0 0
86 20 0 0 4 0 0 4 0 0
fn=read
84 8 0 0 0 0 0 0 0 0
85 2 0 0 2 0 0 0 0 0
fn=write
84 44 1 1 22 0 0 0 0 0
fl=/build/glibc-mXZSwJ/glibc-2.24/io/../sysdeps/unix/sysv/linux/wordsize-64/fxstat.c
fn=_fxstat
34 8 2 2 0 0 0 0 0 0
35 24 0 0 0 0 0 0 0 0
39 4 0 0 4 0 0 0 0 0
fl=/build/glibc-mXZSwJ/glibc-2.24/io/../sysdeps/unix/sysv/linux/wordsize-64/xstat.c
fn=_xstat
33 4 0 0 0 0 0 0 0 0
34 8 1 1 0 0 0 0 0 0
35 36 0 0 3 0 0 3 0 0
39 1 0 0 1 0 0 0 0 0
fl=/build/glibc-mXZSwJ/glibc-2.24/libio/../sysdeps/unix/sysv/linux/sys/sysmacros.h
fn=_IO_file_doallocate
41 6 0 0 0 0 0 0 0 0
fl=/build/glibc-mXZSwJ/glibc-2.24/libio/filedoalloc.c
fn=_IO_file_doallocate
78 5 1 1 0 0 0 3 0 0
84 9 0 0 3 2 0 1 1 0
86 4 0 0 1 1 0 0 0 0
89 2 0 0 0 0 0 0 0 0
91 2 1 1 1 0 0 0 0 0
94 1 0 0 1 0 0 0 0 0
97 3 0 0 1 0 0 0 0 0
101 3 1 1 0 0 0 1 0 0
102 2 0 0 0 0 0 0 0 0
103 1 0 0 0 0 0 0 0 0
104 4 0 0 0 0 0 1 0 0
105 1 0 0 0 0 0 0 0 0
106 5 0 0 4 0 0 0 0 0
fl=/build/glibc-mXZSwJ/glibc-2.24/libio/fileops.c
fn=_IO_do_write@@GLIBC_2.2.5
500 220 1 1 0 0 0 132 0 0
502 157 1 1 0 0 0 0 0 0
503 177 0 0 155 0 0 0 0 0
511 44 0 0 22 0 0 0 0 0
518 154 1 1 44 0 0 0 0 0
526 132 1 1 44 0 0 22 0 0
527 110 1 1 22 0 0 0 0 0
529 88 0 0 22 0 0 66 0 0
530 44 0 0 0 0 0 44 0 0
531 22 0 0 0 0 0 22 0 0
532 44 1 1 22 0 0 0 0 0
533 66 0 0 22 0 0 0 0 0
fn=_IO_file_overflow@@GLIBC_2.2.5
815 145 0 0 0 0 0 87 0 0
816 87 1 1 29 0 0 0 0 0
823 170 0 0 56 0 0 0 0 0
826 2 1 1 1 0 0 0 0 0
828 2 1 1 0 0 0 1 0 0
829 6 0 0 2 0 0 3 0 0
838 2 0 0 0 0 0 0 0 0
847 4 0 0 2 0 0 0 0 0
849 1 0 0 0 0 0 1 0 0
850 2 0 0 0 0 0 1 0 0
851 1 0 0 0 0 0 1 0 0
852 2 1 1 0 0 0 2 0 0
854 3 0 0 0 0 0 1 0 0
855 5 0 0 1 0 0 0 0 0
856 2 0 0 0 0 0 1 0 0
858 58 1 1 0 0 0 0 0 0
859 44 1 1 0 0 0 0 0 0
860 22 0 0 0 0 0 0 0 0
861 14 0 0 7 0 0 0 0 0
864 21 0 0 0 0 0 14 0 0
865 21 0 0 7 0 0 0 0 0
866 35 0 0 0 0 0 0 0 0
867 4 1 1 0 0 0 1 0 0
868 3 0 0 2 0 0 0 0 0
871 94 0 0 94 0 0 0 0 0
fn=_IO_file_setbuf@@GLIBC_2.2.5
458 2 1 1 0 0 0 1 0 0
459 3 0 0 0 0 0 1 0 0
462 2 0 0 0 0 0 2 0 0
463 2 0 0 1 0 0 1 0 0
464 3 0 0 0 0 0 3 0 0
466 1 0 0 0 0 0 0 0 0
467 2 0 0 2 0 0 0 0 0
fn=_IO_file_stat
1237 1 1 1 0 0 0 0 0 0
1238 3 0 0 1 0 0 0 0 0
fn=_IO_file_sync@@GLIBC_2.2.5
876 4 1 1 0 0 0 2 0 0
881 4 0 0 2 0 0 0 0 0
883 1 1 1 1 0 0 0 0 0
884 2 0 0 1 0 0 0 0 0
901 2 1 1 0 0 0 1 0 0
905 4 0 0 3 0 0 0 0 0
fn=_IO_file_write@@GLIBC_2.2.5
1264 132 0 0 0 0 0 110 0 0
1266 154 1 1 0 0 0 0 0 0
1270 44 0 0 0 0 0 0 0 0
1271 132 0 0 44 0 0 22 1 0
1272 44 0 0 0 0 0 0 0 0
1277 22 0 0 0 0 0 0 0 0
1278 22 0 0 0 0 0 0 0 0
1281 66 1 1 22 0 0 0 0 0
1284 198 1 1 132 0 0 0 0 0
fn=_IO_file_xsputn@@GLIBC_2.2.5
1288 1060 0 0 0 0 0 636 0 0
1294 212 0 0 0 0 0 0 0 0
1295 106 1 1 0 0 0 0 0 0
1301 424 1 1 106 0 0 0 0 0
1303 315 0 0 210 0 0 0 0 0
1304 210 0 0 0 0 0 0 0 0
1307 1407 1 1 0 0 0 0 0 0
1309 1470 0 0 483 0 0 0 0 0
1311 21 1 1 0 0 0 0 0 0
1318 5 1 1 2 0 0 0 0 0
1322 210 0 0 0 0 0 0 0 0
1327 525 0 0 0 0 0 210 0 0
1332 105 0 0 0 0 0 0 0 0
1333 315 0 0 0 0 0 0 0 0
1335 210 0 0 0 0 0 0 0 0
1339 132 0 0 44 0 0 22 1 0
1345 44 0 0 44 0 0 0 0 0
1346 132 0 0 0 0 0 0 0 0
1348 66 1 1 0 0 0 0 0 0
1359 44 0 0 0 0 0 0 0 0
1360 6 0 0 0 0 0 1 0 0
1362 212 0 0 0 0 0 0 0 0
1363 848 0 0 742 0 0 0 0 0
fl=/build/glibc-mXZSwJ/glibc-2.24/libio/genops.c
fn=_IO_cleanup
894 12 1 1 4 0 0 0 0 0
896 9 1 1 3 0 0 0 0 0
898 6 0 0 2 0 0 0 0 0
904 16 2 2 6 0 0 2 0 0
912 5 0 0 2 0 0 0 0 0
914 2 0 0 0 0 0 1 0 0
916 2 0 0 1 0 0 1 0 0
917 1 0 0 0 0 0 1 0 0
918 2 0 0 1 0 0 1 0 0
921 5 0 0 2 0 0 1 0 0
923 3 0 0 1 0 0 0 0 0
927 5 1 1 1 0 0 0 0 0
928 8 1 1 3 0 0 1 0 0
934 3 0 0 0 0 0 3 0 0
954 7 1 1 0 0 0 6 0 0
957 3 0 0 0 0 0 1 0 0
969 9 0 0 7 0 0 0 0 0
fn=_IO_default_setbuf
381 5 1 1 1 0 0 0 0 0
383 1 0 0 0 0 0 1 0 0
384 1 0 0 0 0 0 1 0 0
388 3 0 0 0 0 0 1 0 0
522 8 1 1 0 0 0 4 0 0
523 5 0 0 2 0 0 1 0 0
525 2 0 0 0 0 0 0 0 0
527 2 0 0 0 0 0 1 0 0
528 2 0 0 0 0 0 0 0 0
532 2 0 0 1 0 0 0 0 0
535 3 1 1 0 0 0 3 0 0
536 3 0 0 0 0 0 3 0 0
537 1 0 0 0 0 0 0 0 0
538 6 0 0 5 0 0 0 0 0
fn=_IO_default_xsputn
422 8 0 0 0 0 0 6 0 0
425 2 1 1 0 0 0 0 0 0
430 28 1 1 14 0 0 0 0 0
455 68 1 1 18 0 0 6 0 0
457 6 0 0 0 0 0 0 0 0
459 2 1 1 1 0 0 0 0 0
460 8 1 1 7 0 0 0 0 0
fn=_IO_doallocbuf
394 3 0 0 0 0 0 3 1 0
395 2 1 1 1 0 0 0 0 0
397 4 0 0 1 0 0 0 0 0
398 5 0 0 2 1 0 1 0 0
401 4 0 0 4 0 0 0 0 0
fn=_IO_flush_all_lockp
766 8 1 1 0 0 0 6 0 0
772 4 0 0 0 0 0 1 0 0
777 1 0 0 1 1 1 0 0 0
778 1 1 1 1 1 0 0 0 0
779 8 0 0 0 0 0 0 0 0
781 3 0 0 0 0 0 3 0 0
782 6 1 1 0 0 0 0 0 0
783 1 0 0 1 0 0 0 0 0
785 21 1 1 9 4 2 0 0 0
795 6 1 1 0 0 0 0 0 0
797 3 0 0 0 0 0 3 0 0
799 12 1 1 3 0 0 0 0 0
806 3 0 0 3 2 1 0 0 0
810 2 0 0 0 0 0 0 0 0
812 3 1 1 1 0 0 0 0 0
816 9 0 0 7 0 0 0 0 0
fn=_IO_setb
380 3 1 1 0 0 0 1 0 0
381 4 1 1 2 0 0 0 0 0
383 1 0 0 0 0 0 1 0 0
384 1 0 0 0 0 0 1 0 0
386 6 0 0 0 0 0 1 0 0
389 3 0 0 2 0 0 0 0 0
fn=__overflow
228 2 1 1 0 0 0 1 0 0
230 3 0 0 1 0 0 0 0 0
232 3 0 0 2 0 0 0 0 0
233 2 1 1 1 0 0 0 0 0
fl=/build/glibc-mXZSwJ/glibc-2.24/libio/ioputs.c
fn=puts
33 6 1 1 0 0 0 4 0 0
35 2 0 0 0 0 0 1 0 0
36 18 2 2 10 0 0 1 0 0
38 2 1 1 0 0 0 0 0 0
39 3 0 0 1 0 0 0 0 0
40 6 1 1 2 0 0 1 0 0
41 8 2 2 3 0 0 1 0 0
42 4 0 0 0 0 0 0 0 0
46 7 0 0 5 0 0 0 0 0
fl=/build/glibc-mXZSwJ/glibc-2.24/libio/libioP.h
fn=_IO_cleanup
936 4 0 0 0 0 0 0 0 0
938 2 1 1 0 0 0 0 0 0
939 2 0 0 0 0 0 0 0 0
fn=_IO_default_setbuf
936 3 0 0 0 0 0 0 0 0
938 2 1 1 0 0 0 0 0 0
939 2 0 0 0 0 0 0 0 0
fn=_IO_default_xsputn
936 7 0 0 0 0 0 1 0 0
938 12 0 0 0 0 0 0 0 0
939 12 0 0 0 0 0 0 0 0
fn=_IO_do_write@@GLIBC_2.2.5
938 44 0 0 0 0 0 0 0 0
939 44 0 0 0 0 0 0 0 0
fn=_IO_doallocbuf
936 3 1 1 0 0 0 0 0 0
938 2 0 0 0 0 0 0 0 0
939 2 0 0 0 0 0 0 0 0
fn=_IO_file_doallocate
936 3 1 1 0 0 0 0 0 0
938 2 0 0 0 0 0 0 0 0
939 2 0 0 0 0 0 0 0 0
fn=_IO_file_xsputn@@GLIBC_2.2.5
936 66 1 1 0 0 0 0 0 0
938 44 0 0 0 0 0 0 0 0
939 44 0 0 0 0 0 0 0 0
fn=_IO_flush_all_lockp
936 4 1 1 0 0 0 0 0 0
fn=__overflow
936 3 0 0 0 0 0 0 0 0
938 2 0 0 0 0 0 0 0 0
939 2 0 0 0 0 0 0 0 0
fn=puts
862 2 0 0 1 0 0 0 0 0
863 8 1 1 4 0 0 1 0 0
936 3 0 0 0 0 0 0 0 0
938 2 0 0 0 0 0 0 0 0
939 2 0 0 0 0 0 0 0 0
fl=/build/glibc-mXZSwJ/glibc-2.24/malloc/arena.c
fn=malloc_hook_ini
257 3 1 1 1 1 1 0 0 0
fn=ptmalloc_init.part.5
218 183 0 0 61 9 0 0 0 0
220 120 0 0 60 30 0 0 0 0
221 4 0 0 2 0 0 0 0 0
222 4 0 0 2 0 0 0 0 0
236 60 0 0 0 0 0 0 0 0
255 6 1 1 0 0 0 5 0 0
260 1 0 0 0 0 0 1 0 0
268 2 1 1 1 0 0 0 0 0
269 7 1 1 0 0 0 1 1 0
270 4 1 1 2 0 0 0 0 0
274 3 0 0 1 1 0 1 1 0
276 5 0 0 2 2 0 0 0 0
292 2 1 1 0 0 0 0 0 0
337 2 1 1 0 0 0 0 0 0
344 2 0 0 2 2 1 0 0 0
345 2 0 0 0 0 0 0 0 0
348 1 0 0 0 0 0 1 1 0
349 7 0 0 6 0 0 0 0 0
fn=sysmalloc
485 4 0 0 0 0 0 1 0 0
fl=/build/glibc-mXZSwJ/glibc-2.24/malloc/hooks.c
fn=malloc_hook_ini
29 4 1 1 0 0 0 2 0 0
30 2 0 0 1 0 0 1 0 0
33 5 0 0 3 1 0 0 0 0
fl=/build/glibc-mXZSwJ/glibc-2.24/malloc/malloc.c
fn=_int_free
1897 3 0 0 1 0 0 0 0 0
3878 10 1 1 0 0 0 6 0 0
3891 3 0 0 1 0 0 0 0 0
3897 4 1 1 0 0 0 0 0 0
3898 2 0 0 0 0 0 0 0 0
3909 4 0 0 0 0 0 0 0 0
3922 2 0 0 1 0 0 0 0 0
3933 4 0 0 1 0 0 0 0 0
3934 3 1 1 1 0 0 0 0 0
3958 1 0 0 0 0 0 0 0 0
3960 3 0 0 2 0 0 0 0 0
3961 3 0 0 0 0 0 0 0 0
3962 1 1 1 0 0 0 0 0 0
3965 1 0 0 1 0 0 0 0 0
3971 6 0 0 0 0 0 0 0 0
3980 4 0 0 0 0 0 0 0 0
3982 1 0 0 0 0 0 1 0 0
3984 6 1 1 2 0 0 0 0 0
3986 4 1 1 0 0 0 0 0 0
4142 8 1 1 7 0 0 0 0 0
fn=_int_malloc
1890 6 1 1 2 0 0 0 0 0
3356 14 1 1 0 0 0 12 1 0
3386 25 2 2 0 0 0 2 1 0
3390 4 0 0 0 0 0 0 0 0
3392 2 0 0 0 0 0 0 0 0
3404 4 0 0 2 1 1 0 0 0
3441 4 1 1 0 0 0 0 0 0
3443 3 0 0 0 0 0 1 0 0
3444 4 0 0 0 0 0 0 0 0
3446 3 0 0 1 1 1 0 0 0
3448 2 1 1 0 0 0 0 0 0
3485 7 1 1 0 0 0 1 0 0
3486 2 0 0 1 0 0 0 0 0
3487 2 1 1 0 0 0 1 0 0
3506 12 1 1 2 0 0 2 0 0
3640 4 1 1 0 0 0 0 0 0
3642 5 1 1 1 0 0 0 0 0
3645 3 0 0 1 0 0 0 0 0
3713 4 0 0 2 0 0 0 0 0
3714 4 0 0 0 0 0 0 0 0
3715 4 0 0 0 0 0 0 0 0
3716 4 0 0 2 0 0 0 0 0
3717 4 0 0 0 0 0 0 0 0
3722 4 0 0 0 0 0 0 0 0
3726 14 1 1 0 0 0 0 0 0
3729 15 1 1 4 0 0 0 0 0
3829 2 0 0 2 0 0 0 0 0
3830 4 0 0 2 0 0 0 0 0
3832 6 1 1 0 0 0 0 0 0
3834 1 0 0 0 0 0 0 0 0
3835 1 0 0 0 0 0 0 0 0
3836 1 0 0 0 0 0 1 0 0
3837 9 1 1 0 0 0 1 0 0
3839 3 1 1 0 0 0 1 1 1
3842 1 0 0 0 0 0 0 0 0
3849 2 0 0 1 0 0 0 0 0
3854 6 0 0 0 0 0 2 0 0
3856 52 1 1 0 0 0 20 1 0
3864 4 0 0 0 0 0 1 0 0
3865 2 0 0 0 0 0 0 0 0
3870 18 1 1 14 0 0 0 0 0
5044 4 0 0 0 0 0 2 0 0
5046 12 2 2 0 0 0 2 0 0
fn=free
2948 5 1 1 0 0 0 4 0 0
2953 2 0 0 2 0 0 0 0 0
2954 2 0 0 0 0 0 0 0 0
2960 2 1 1 0 0 0 0 0 0
2963 1 0 0 0 0 0 0 0 0
2965 3 0 0 1 0 0 0 0 0
2983 3 0 0 0 0 0 0 0 0
2984 2 0 0 0 0 0 1 0 0
2985 6 0 0 5 0 0 0 0 0
fn=malloc
2916 6 1 1 0 0 0 4 0 0
2921 4 0 0 4 1 0 0 0 0
2922 4 1 1 0 0 0 0 0 0
2923 2 1 1 1 0 0 0 0 0
2925 14 2 2 5 0 0 0 0 0
2927 4 1 1 0 0 0 1 0 0
2930 2 0 0 0 0 0 0 0 0
2938 4 0 0 2 0 0 0 0 0
2940 10 0 0 1 0 0 0 0 0
2943 8 0 0 5 0 0 0 0 0
fn=malloc_consolidate
1813 504 3 3 1 0 0 0 0 0
1814 378 1 1 0 0 0 130 32 31
1818 3 0 0 0 0 0 0 0 0
1822 3 1 1 1 0 0 1 0 0
1823 2 1 1 0 0 0 1 0 0
1825 2 0 0 0 0 0 1 0 0
4159 7 1 1 0 0 0 6 1 0
4181 7 0 0 5 1 1 0 0 0
4220 1 1 1 0 0 0 1 1 0
4254 8 0 0 7 0 0 0 0 0
fn=malloc_hook_ini
2922 2 0 0 0 0 0 0 0 0
2925 13 1 1 5 2 1 0 0 0
2927 4 1 1 0 0 0 1 0 0
2930 2 0 0 0 0 0 0 0 0
2937 2 1 1 1 1 0 1 0 0
2938 4 0 0 2 0 0 0 0 0
2940 10 1 1 1 0 0 0 0 0
fn=sysmalloc
2279 8 1 1 0 0 0 6 0 0
2299 2 0 0 2 1 0 0 0 0
2310 2 0 0 0 0 0 0 0 0
2311 6 1 1 1 0 0 2 1 0
2326 3 0 0 0 0 0 1 0 0
2391 1 0 0 1 0 0 0 0 0
2392 3 0 0 1 0 0 0 0 0
2393 1 0 0 0 0 0 0 0 0
2402 6 1 1 1 0 0 0 0 0
2408 3 0 0 0 0 0 0 0 0
2411 3 0 0 0 0 0 0 0 0
2464 3 2 2 1 0 0 0 0 0
2472 2 0 0 1 0 0 0 0 0
2473 1 0 0 0 0 0 0 0 0
2483 6 0 0 0 0 0 2 0 0
2491 2 0 0 0 0 0 0 0 0
2493 7 1 1 2 1 0 4 0 0
2494 2 0 0 1 0 0 0 0 0
2497 4 0 0 2 0 0 0 0 0
2500 4 0 0 2 1 0 0 0 0
2501 2 1 1 0 0 0 0 0 0
2547 2 0 0 1 1 0 0 0 0
2548 2 1 1 0 0 0 1 0 0
2549 3 0 0 1 0 0 1 0 0
2555 2 0 0 0 0 0 0 0 0
2558 7 1 1 1 0 0 0 0 0
2595 2 0 0 0 0 0 0 0 0
2601 4 0 0 0 0 0 0 0 0
2620 1 1 1 0 0 0 0 0 0
2623 2 0 0 0 0 0 0 0 0
2624 5 0 0 2 0 0 0 0 0
2626 2 0 0 0 0 0 0 0 0
2627 5 1 1 2 0 0 3 0 0
2639 4 0 0 2 0 0 0 0 0
2647 2 0 0 2 0 0 0 0 0
2648 4 0 0 1 0 0 0 0 0
2686 1 1 1 0 0 0 1 0 0
2687 5 0 0 0 0 0 1 1 1
2688 2 0 0 0 0 0 1 0 0
2699 2 0 0 0 0 0 0 0 0
2732 2 1 1 1 0 0 0 0 0
2733 1 0 0 0 0 0 1 0 0
2738 2 0 0 1 0 0 0 0 0
2741 2 0 0 0 0 0 0 0 0
2743 1 1 1 0 0 0 0 0 0
2744 1 0 0 0 0 0 0 0 0
2745 1 0 0 0 0 0 1 0 0
2746 8 0 0 0 0 0 1 0 0
2747 2 0 0 0 0 0 1 1 1
2749 1 0 0 0 0 0 0 0 0
2755 8 0 0 7 0 0 0 0 0
fl=/build/glibc-mXZSwJ/glibc-2.24/malloc/morecore.c
fn=__default_morecore
46 2 1 1 0 0 0 0 0 0
47 2 0 0 0 0 0 2 0 0
49 6 0 0 0 0 0 0 0 0
52 4 0 0 2 0 0 0 0 0
fl=/build/glibc-mXZSwJ/glibc-2.24/misc/../sysdeps/unix/syscall-template.S
fn=mprotect
84 24 1 1 0 0 0 0 0 0
85 6 0 0 6 0 0 0 0 0
fn=munmap
84 4 0 0 0 0 0 0 0 0
85 1 0 0 1 0 0 0 0 0
fl=/build/glibc-mXZSwJ/glibc-2.24/misc/../sysdeps/unix/sysv/linux/wordsize-64/mmap.c
fn=mmap
32 80 0 0 0 0 0 48 2 2
33 46 3 3 2 0 0 0 0 0
34 80 0 0 0 0 0 0 0 0
36 56 0 0 56 0 0 0 0 0
fl=/build/glibc-mXZSwJ/glibc-2.24/misc/../sysdeps/unix/sysv/linux/x86_64/brk.c
fn=brk
31 16 1 1 2 0 0 2 0 0
33 4 0 0 0 0 0 0 0 0
39 2 0 0 0 0 0 0 0 0
40 2 0 0 2 0 0 0 0 0
fl=/build/glibc-mXZSwJ/glibc-2.24/misc/init-misc.c
fn=__init_misc
30 3 0 0 0 0 0 2 0 0
31 6 1 1 1 0 0 0 0 0
33 3 0 0 0 0 0 1 0 0
37 5 0 0 1 1 0 1 1 0
38 3 1 1 2 1 0 1 0 0
40 4 0 0 3 0 0 0 0 0
fl=/build/glibc-mXZSwJ/glibc-2.24/misc/sbrk.c
fn=sbrk
34 8 1 1 0 0 0 6 0 0
42 11 0 0 5 3 1 0 0 0
43 6 1 1 1 0 0 1 0 0
46 4 0 0 0 0 0 0 0 0
50 6 0 0 0 0 0 0 0 0
58 4 0 0 0 0 0 1 0 0
62 10 1 1 8 0 0 0 0 0
fl=/build/glibc-mXZSwJ/glibc-2.24/nptl/unregister-atfork.c
fn=__unregister_atfork
36 2 1 1 2 0 0 0 0 0
39 4 0 0 0 0 0 0 0 0
121 2 1 1 2 0 0 0 0 0
fl=/build/glibc-mXZSwJ/glibc-2.24/posix/../sysdeps/unix/syscall-template.S
fn=uname
84 4 1 1 0 0 0 0 0 0
85 1 0 0 1 0 0 0 0 0
fl=/build/glibc-mXZSwJ/glibc-2.24/posix/../sysdeps/unix/sysv/linux/_exit.c
fn=_Exit
27 2 1 1 1 0 0 0 0 0
31 4 0 0 0 0 0 0 0 0
33 2 0 0 0 0 0 0 0 0
fl=/build/glibc-mXZSwJ/glibc-2.24/setjmp/../sysdeps/x86_64/bsd-_setjmp.S
fn=_setjmp
30 1 1 1 0 0 0 0 0 0
32 1 0 0 0 0 0 0 0 0
fl=/build/glibc-mXZSwJ/glibc-2.24/setjmp/../sysdeps/x86_64/setjmp.S
fn=__sigsetjmp
26 4 2 2 0 0 0 4 0 0
35 4 0 0 0 0 0 0 0 0
36 8 2 2 4 0 0 0 0 0
37 4 0 0 0 0 0 4 0 0
41 4 0 0 0 0 0 4 0 0
42 4 0 0 0 0 0 4 0 0
43 4 0 0 0 0 0 4 0 0
44 4 0 0 0 0 0 4 0 0
45 4 0 0 0 0 0 0 0 0
47 8 0 0 4 0 0 0 0 0
49 4 0 0 0 0 0 4 0 0
50 4 0 0 4 0 0 0 0 0
51 4 0 0 0 0 0 0 0 0
53 8 0 0 4 0 0 0 0 0
55 4 1 1 0 0 0 4 0 0
59 3 0 0 0 0 0 0 0 0
60 3 0 0 3 0 0 0 0 0
63 1 0 0 0 0 0 0 0 0
fl=/build/glibc-mXZSwJ/glibc-2.24/setjmp/sigjmp.c
fn=__sigjmp_save
28 2 0 0 0 0 0 1 0 0
29 3 0 0 0 0 0 1 0 0
34 3 0 0 2 0 0 0 0 0
fl=/build/glibc-mXZSwJ/glibc-2.24/stdio-common/../libio/libioP.h
fn=vfprintf
936 105 0 0 0 0 0 21 0 0
938 315 0 0 0 0 0 0 0 0
939 210 2 2 84 0 0 0 0 0
fl=/build/glibc-mXZSwJ/glibc-2.24/stdio-common/_itoa.c
fn=_itoa_word
168 168 2 2 0 0 0 0 0 0
170 84 0 0 0 0 0 0 0 0
179 720 1 1 53 1 1 53 0 0
188 84 0 0 42 0 0 0 0 0
fl=/build/glibc-mXZSwJ/glibc-2.24/stdio-common/printf-parse.h
fn=vfprintf
108 252 1 1 0 0 0 126 1 0
fl=/build/glibc-mXZSwJ/glibc-2.24/stdio-common/printf.c
fn=printf
28 168 1 1 0 0 0 105 0 0
32 126 2 2 0 0 0 84 0 0
33 105 0 0 42 2 0 21 0 0
37 42 0 0 21 0 0 0 0 0
fl=/build/glibc-mXZSwJ/glibc-2.24/stdio-common/vfprintf.c
fn=vfprintf
1236 168 1 1 0 0 0 126 0 0
1267 63 0 0 42 1 0 21 1 0
1275 104 1 1 21 0 0 1 0 0
1279 105 0 0 21 1 1 0 0 0
1290 147 0 0 0 0 0 21 0 0
1301 126 0 0 63 0 0 63 2 0
1312 21 1 1 0 0 0 21 0 0
1316 189 2 2 42 1 1 42 0 0
1317 294 1 1 147 3 1 21 0 0
1320 252 2 2 63 1 0 21 0 0
1324 63 0 0 42 0 0 0 0 0
1328 252 2 2 63 2 0 105 2 0
1349 42 0 0 0 0 0 42 0 0
1350 42 1 1 0 0 0 42 0 0
1351 42 0 0 0 0 0 42 0 0
1352 42 0 0 0 0 0 42 0 0
1353 42 0 0 0 0 0 42 0 0
1354 42 0 0 0 0 0 0 0 0
1355 42 0 0 0 0 0 42 0 0
1356 42 0 0 0 0 0 0 0 0
1357 42 1 1 0 0 0 42 0 0
1358 42 0 0 0 0 0 0 0 0
1359 42 0 0 0 0 0 0 0 0
1362 42 0 0 0 0 0 42 0 0
1363 42 0 0 0 0 0 42 0 0
1366 84 0 0 0 0 0 42 0 0
1367 126 0 0 42 0 0 42 0 0
1370 672 1 1 126 2 2 42 0 0
1531 42 0 0 0 0 0 21 0 0
1552 42 0 0 0 0 0 21 0 0
1636 5214 19 19 1416 0 0 588 0 0
1637 84 1 1 0 0 0 0 0 0
1654 42 1 1 42 0 0 0 0 0
1656 84 0 0 42 0 0 0 0 0
1664 168 1 1 42 0 0 84 0 0
1668 924 1 1 210 0 0 84 0 0
1670 105 0 0 42 0 0 0 0 0
1690 210 1 1 105 0 0 21 0 0
1691 42 1 1 0 0 0 0 0 0
1694 189 0 0 147 0 0 0 0 0
fl=/build/glibc-mXZSwJ/glibc-2.24/stdlib/cxa_atexit.c
fn=__cxa_atexit
35 2 0 0 0 0 0 1 0 0
37 2 0 0 0 0 0 0 0 0
41 3 0 0 1 0 0 0 0 0
43 1 0 0 0 0 0 1 0 0
44 1 0 0 0 0 0 1 1 0
45 1 0 0 0 0 0 1 0 0
47 1 1 1 0 0 0 1 0 0
48 1 0 0 0 0 0 0 0 0
57 6 1 1 0 0 0 3 0 0
59 4 0 0 4 0 0 0 0 0
fn=__new_exitfn
73 4 1 1 0 0 0 2 0 0
79 6 1 1 2 2 2 0 0 0
81 9 1 1 2 1 0 0 0 0
83 3 1 1 1 1 0 0 0 0
91 2 0 0 0 0 0 1 0 0
112 1 1 1 0 0 0 0 0 0
113 2 1 1 0 0 0 1 0 0
126 1 1 1 0 0 0 1 0 0
127 1 0 0 1 1 1 0 0 0
130 4 0 0 2 0 0 0 0 0
133 5 0 0 3 0 0 0 0 0
fl=/build/glibc-mXZSwJ/glibc-2.24/stdlib/cxa_finalize.c
fn=__cxa_finalize
31 16 0 0 0 0 0 12 0 0
35 14 1 1 4 0 0 0 0 0
39 12 1 1 2 0 0 0 0 0
48 2 0 0 0 0 0 0 0 0
67 14 1 1 4 0 0 0 0 0
71 12 0 0 2 1 1 0 0 0
79 4 0 0 0 0 0 0 0 0
80 4 0 0 0 0 0 0 0 0
82 14 1 1 12 0 0 0 0 0
fl=/build/glibc-mXZSwJ/glibc-2.24/stdlib/cxa_thread_atexit_impl.c
fn=__call_tls_dtors
145 3 1 1 0 0 0 2 0 0
146 4 0 0 2 0 0 0 0 0
164 4 1 1 3 0 0 0 0 0
fl=/build/glibc-mXZSwJ/glibc-2.24/stdlib/exit.c
fn=__run_exit_handlers
35 8 1 1 0 0 0 4 0 0
40 3 0 0 1 1 0 0 0 0
41 2 0 0 0 0 0 1 0 0
47 9 0 0 2 1 0 0 0 0
51 6 0 0 0 0 0 0 0 0
53 1 0 0 0 0 0 1 0 0
54 1 1 1 0 0 0 0 0 0
55 5 0 0 1 0 0 0 0 0
79 2 1 1 0 0 0 0 0 0
81 3 0 0 2 0 0 0 0 0
83 3 0 0 1 1 0 1 0 0
84 1 0 0 0 0 0 0 0 0
88 2 0 0 1 0 0 1 0 0
89 2 0 0 0 0 0 0 0 0
95 2 0 0 0 0 0 0 0 0
96 8 1 1 1 1 0 1 0 0
98 2 0 0 0 0 0 1 0 0
fn=exit
104 1 0 0 0 0 0 0 0 0
105 4 2 2 0 0 0 1 0 0
fl=/build/glibc-mXZSwJ/glibc-2.24/string/../bits/stdlib-bsearch.h
fn=intel_check_word
27 12 0 0 0 0 0 0 0 0
28 24 0 0 0 0 0 0 0 0
29 165 0 0 0 0 0 0 0 0
31 231 0 0 0 0 0 0 0 0
32 81 0 0 0 0 0 0 0 0
37 12 1 1 0 0 0 0 0 0
fl=/build/glibc-mXZSwJ/glibc-2.24/string/../sysdeps/x86/cacheinfo.c
fn=handle_intel
261 24 0 0 0 0 0 18 0 0
263 6 1 1 0 0 0 0 0 0
269 9 0 0 0 0 0 3 0 0
271 3 1 1 0 0 0 3 0 0
272 6 0 0 0 0 0 3 0 0
274 3 0 0 0 0 0 0 0 0
280 15 1 1 0 0 0 3 0 0
285 6 0 0 0 0 0 0 0 0
287 9 0 0 0 0 0 3 0 0
288 3 0 0 0 0 0 0 0 0
292 12 0 0 0 0 0 3 0 0
293 6 0 0 0 0 0 0 0 0
296 15 1 1 0 0 0 3 0 0
297 6 0 0 0 0 0 0 0 0
314 24 1 1 21 0 0 0 0 0
fn=init_cacheinfo
481 7 1 1 0 0 0 6 0 0
493 4 1 1 2 0 0 0 0 0
495 5 1 1 1 0 0 1 0 0
497 4 0 0 0 0 0 1 0 0
501 1 1 1 0 0 0 1 0 0
502 4 0 0 0 0 0 1 0 0
510 2 0 0 0 0 0 0 0 0
521 1 0 0 0 0 0 0 0 0
526 2 0 0 1 0 0 0 0 0
530 2 0 0 0 0 0 0 0 0
538 9 0 0 0 0 0 0 0 0
541 14 1 1 0 0 0 0 0 0
547 8 0 0 0 0 0 0 0 0
550 26 1 1 0 0 0 0 0 0
555 2 0 0 0 0 0 0 0 0
559 4 0 0 0 0 0 0 0 0
560 1 0 0 0 0 0 0 0 0
564 2 0 0 0 0 0 0 0 0
568 3 0 0 0 0 0 0 0 0
571 3 0 0 0 0 0 0 0 0
572 1 0 0 0 0 0 0 0 0
577 4 0 0 0 0 0 0 0 0
583 2 1 1 0 0 0 0 0 0
591 9 0 0 1 0 0 0 0 0
593 4 1 1 0 0 0 0 0 0
595 7 0 0 0 0 0 0 0 0
597 8 0 0 0 0 0 0 0 0
599 2 0 0 0 0 0 0 0 0
600 2 0 0 0 0 0 0 0 0
601 8 0 0 0 0 0 0 0 0
603 4 0 0 0 0 0 0 0 0
606 2 0 0 0 0 0 0 0 0
611 1 1 1 0 0 0 0 0 0
613 4 0 0 0 0 0 0 0 0
614 3 0 0 0 0 0 0 0 0
615 1 0 0 0 0 0 0 0 0
618 4 0 0 0 0 0 0 0 0
621 2 0 0 0 0 0 0 0 0
625 2 0 0 1 0 0 0 0 0
628 1 0 0 0 0 0 0 0 0
630 4 0 0 0 0 0 0 0 0
631 2 0 0 0 0 0 0 0 0
636 2 1 1 0 0 0 0 0 0
642 2 0 0 0 0 0 0 0 0
643 2 0 0 0 0 0 0 0 0
644 1 0 0 0 0 0 0 0 0
645 2 0 0 1 0 0 0 0 0
682 4 0 0 0 0 0 0 0 0
683 4 0 0 0 0 0 0 0 0
687 2 1 1 0 0 0 0 0 0
747 2 0 0 0 0 0 0 0 0
749 3 0 0 0 0 0 1 0 0
750 1 0 0 0 0 0 1 1 1
752 1 0 0 0 0 0 0 0 0
753 3 1 1 0 0 0 1 0 0
754 1 0 0 0 0 0 1 0 0
757 2 0 0 0 0 0 0 0 0
759 3 0 0 0 0 0 1 0 0
760 1 0 0 0 0 0 1 1 1
762 1 0 0 0 0 0 0 0 0
763 4 1 1 0 0 0 1 0 0
764 1 0 0 0 0 0 1 0 0
770 3 0 0 0 0 0 1 1 1
771 8 0 0 7 0 0 0 0 0
fn=intel_check_word
121 162 0 0 81 6 6 0 0 0
124 81 1 1 0 0 0 0 0 0
132 36 0 0 0 0 0 24 0 0
133 12 1 1 0 0 0 0 0 0
135 3 0 0 0 0 0 0 0 0
139 42 1 1 0 0 0 0 0 0
141 36 0 0 0 0 0 0 0 0
143 15 0 0 0 0 0 0 0 0
145 30 0 0 0 0 0 0 0 0
153 30 1 1 0 0 0 0 0 0
165 28 1 1 0 0 0 0 0 0
168 24 0 0 0 0 0 0 0 0
172 16 1 1 0 0 0 0 0 0
174 32 0 0 0 0 0 0 0 0
175 24 0 0 0 0 0 0 0 0
176 14 0 0 0 0 0 0 0 0
177 24 0 0 0 0 0 0 0 0
178 18 0 0 0 0 0 0 0 0
179 14 0 0 0 0 0 0 0 0
180 10 0 0 0 0 0 0 0 0
182 3 1 1 0 0 0 0 0 0
184 6 0 0 0 0 0 0 0 0
186 9 1 1 0 0 0 0 0 0
187 12 0 0 0 0 0 0 0 0
188 9 0 0 0 0 0 0 0 0
189 15 1 1 0 0 0 0 0 0
197 5 0 0 0 0 0 0 0 0
204 24 0 0 0 0 0 0 0 0
209 12 0 0 6 0 0 0 0 0
212 36 0 0 12 0 0 0 0 0
226 12 0 0 0 0 0 0 0 0
251 12 0 0 0 0 0 0 0 0
256 36 0 0 30 0 0 0 0 0
fl=/build/glibc-mXZSwJ/glibc-2.24/string/../sysdeps/x86_64/multiarch/../memcmp.S
fn=bcmp
24 13 1 1 0 0 0 0 0 0
25 13 0 0 0 0 0 0 0 0
26 13 0 0 0 0 0 0 0 0
27 13 0 0 0 0 0 0 0 0
28 13 0 0 0 0 0 0 0 0
29 13 0 0 0 0 0 0 0 0
30 13 0 0 0 0 0 0 0 0
31 13 1 1 0 0 0 0 0 0
34 13 0 0 0 0 0 0 0 0
35 13 0 0 0 0 0 0 0 0
36 5 0 0 5 1 1 0 0 0
37 5 0 0 5 3 3 0 0 0
38 5 0 0 0 0 0 0 0 0
39 5 0 0 0 0 0 0 0 0
40 5 0 0 0 0 0 0 0 0
41 5 0 0 0 0 0 0 0 0
42 5 0 0 0 0 0 0 0 0
44 12 0 0 0 0 0 0 0 0
45 12 0 0 0 0 0 0 0 0
46 4 0 0 4 0 0 0 0 0
47 4 0 0 4 0 0 0 0 0
48 4 0 0 0 0 0 0 0 0
49 4 0 0 0 0 0 0 0 0
50 4 0 0 0 0 0 0 0 0
51 4 0 0 0 0 0 0 0 0
52 4 0 0 0 0 0 0 0 0
54 12 1 1 0 0 0 0 0 0
55 12 0 0 0 0 0 0 0 0
56 5 0 0 5 1 1 0 0 0
57 5 0 0 5 1 1 0 0 0
58 5 0 0 0 0 0 0 0 0
59 5 0 0 0 0 0 0 0 0
60 2 0 0 0 0 0 0 0 0
61 2 0 0 0 0 0 0 0 0
62 2 0 0 0 0 0 0 0 0
64 9 0 0 0 0 0 0 0 0
65 9 0 0 0 0 0 0 0 0
66 5 0 0 5 0 0 0 0 0
67 5 0 0 5 1 1 0 0 0
68 5 0 0 0 0 0 0 0 0
69 5 0 0 0 0 0 0 0 0
74 4 0 0 4 2 2 0 0 0
75 4 0 0 4 1 1 0 0 0
76 4 0 0 0 0 0 0 0 0
77 4 0 0 0 0 0 0 0 0
78 4 0 0 0 0 0 0 0 0
79 4 0 0 0 0 0 0 0 0
80 4 0 0 0 0 0 0 0 0
81 2 0 0 0 0 0 0 0 0
82 2 0 0 0 0 0 0 0 0
83 2 0 0 2 0 0 0 0 0
84 2 0 0 2 0 0 0 0 0
85 2 0 0 0 0 0 0 0 0
92 2 0 0 0 0 0 0 0 0
94 3 0 0 3 0 0 0 0 0
98 8 1 1 0 0 0 0 0 0
99 8 0 0 0 0 0 0 0 0
100 1 0 0 0 0 0 0 0 0
101 1 0 0 0 0 0 0 0 0
102 1 0 0 0 0 0 0 0 0
103 1 0 0 0 0 0 0 0 0
104 1 0 0 0 0 0 0 0 0
105 1 0 0 0 0 0 0 0 0
106 1 0 0 0 0 0 0 0 0
107 1 0 0 0 0 0 0 0 0
108 1 0 0 0 0 0 0 0 0
109 1 0 0 0 0 0 0 0 0
110 1 0 0 1 0 0 0 0 0
114 9 1 1 0 0 0 0 0 0
115 9 0 0 9 0 0 0 0 0
fl=/build/glibc-mXZSwJ/glibc-2.24/string/../sysdeps/x86_64/multiarch/../multiarch/memmove-vec-unaligned-erms.S
fn=__GI_mempcpy
117 105 1 1 0 0 0 0 0 0
118 105 0 0 0 0 0 0 0 0
119 105 0 0 0 0 0 0 0 0
fn=__memcpy_sse2_unaligned_erms
260 104 1 1 0 0 0 0 0 0
261 104 0 0 0 0 0 0 0 0
262 83 0 0 0 0 0 0 0 0
263 83 0 0 0 0 0 0 0 0
264 63 0 0 0 0 0 0 0 0
265 63 0 0 0 0 0 0 0 0
266 52 0 0 0 0 0 0 0 0
267 52 0 0 52 0 0 0 0 0
268 52 0 0 0 0 0 52 0 0
270 52 0 0 52 0 0 0 0 0
292 21 0 0 21 0 0 0 0 0
293 21 0 0 21 0 0 0 0 0
294 21 0 0 0 0 0 21 0 0
295 21 0 0 0 0 0 21 0 0
296 21 0 0 21 0 0 0 0 0
299 20 1 1 20 0 0 0 0 0
300 20 0 0 20 0 0 0 0 0
301 20 0 0 0 0 0 20 0 0
302 20 0 0 0 0 0 20 0 0
303 20 0 0 20 0 0 0 0 0
306 11 0 0 11 0 0 0 0 0
307 11 0 0 11 0 0 0 0 0
308 11 0 0 0 0 0 11 0 0
309 11 0 0 0 0 0 11 0 0
310 11 0 0 11 0 0 0 0 0
fn=memcpy
131 14 1 1 0 0 0 0 0 0
133 31 0 0 0 0 0 0 0 0
134 31 0 0 0 0 0 0 0 0
135 11 0 0 0 0 0 0 0 0
136 11 0 0 0 0 0 0 0 0
141 7 0 0 7 0 0 0 0 0
142 7 0 0 7 0 0 0 0 0
143 7 0 0 0 0 0 7 2 2
144 7 0 0 0 0 0 7 2 2
149 7 0 0 7 0 0 0 0 0
260 20 1 1 0 0 0 0 0 0
261 20 0 0 0 0 0 0 0 0
262 8 0 0 0 0 0 0 0 0
263 8 0 0 0 0 0 0 0 0
264 5 0 0 0 0 0 0 0 0
265 5 0 0 0 0 0 0 0 0
266 4 0 0 0 0 0 0 0 0
267 3 0 0 3 1 1 0 0 0
268 3 0 0 0 0 0 3 1 1
270 4 0 0 4 0 0 0 0 0
292 12 0 0 12 0 0 0 0 0
293 12 0 0 12 0 0 0 0 0
294 12 0 0 0 0 0 12 3 3
295 12 0 0 0 0 0 12 0 0
296 12 0 0 12 0 0 0 0 0
299 3 0 0 3 0 0 0 0 0
300 3 0 0 3 0 0 0 0 0
301 3 0 0 0 0 0 3 0 0
302 3 0 0 0 0 0 3 0 0
303 3 0 0 3 0 0 0 0 0
306 1 1 1 1 1 1 0 0 0
307 1 0 0 1 0 0 0 0 0
308 1 0 0 0 0 0 1 1 1
309 1 0 0 0 0 0 1 0 0
310 1 0 0 1 0 0 0 0 0
320 4 0 0 0 0 0 0 0 0
321 4 0 0 0 0 0 0 0 0
322 4 0 0 0 0 0 0 0 0
323 4 0 0 0 0 0 0 0 0
345 4 1 1 4 0 0 0 0 0
346 4 0 0 4 0 0 0 0 0
347 4 0 0 4 0 0 0 0 0
348 4 0 0 4 0 0 0 0 0
349 4 0 0 0 0 0 4 3 3
350 4 1 1 0 0 0 4 0 0
351 4 0 0 0 0 0 4 0 0
352 4 0 0 0 0 0 4 0 0
354 4 0 0 4 0 0 0 0 0
fn=memcpy@GLIBC_2.2.5
133 105 0 0 0 0 0 0 0 0
134 105 0 0 0 0 0 0 0 0
135 1 1 1 0 0 0 0 0 0
136 1 0 0 0 0 0 0 0 0
141 1 0 0 1 0 0 0 0 0
142 1 0 0 1 0 0 0 0 0
143 1 0 0 0 0 0 1 0 0
144 1 0 0 0 0 0 1 0 0
149 1 0 0 1 0 0 0 0 0
fn=mempcpy
117 17 0 0 0 0 0 0 0 0
118 17 0 0 0 0 0 0 0 0
119 17 0 0 0 0 0 0 0 0
fl=/build/glibc-mXZSwJ/glibc-2.24/string/../sysdeps/x86_64/multiarch/../multiarch/memset-vec-unaligned-erms.S
fn=memset
91 65 1 1 0 0 0 0 0 0
93 13 0 0 0 0 0 0 0 0
94 13 0 0 0 0 0 0 0 0
95 6 0 0 0 0 0 0 0 0
96 6 0 0 0 0 0 0 0 0
98 4 0 0 0 0 0 4 1 1
99 4 0 0 0 0 0 4 0 0
101 4 0 0 4 0 0 0 0 0
149 2 1 1 0 0 0 0 0 0
150 2 0 0 0 0 0 0 0 0
160 2 0 0 0 0 0 0 0 0
161 2 0 0 0 0 0 2 1 1
162 2 0 0 0 0 0 0 0 0
163 2 0 0 0 0 0 2 2 2
164 2 0 0 0 0 0 2 0 0
165 2 0 0 0 0 0 2 0 0
166 2 0 0 0 0 0 2 0 0
167 2 0 0 0 0 0 2 0 0
168 2 0 0 0 0 0 2 0 0
169 2 0 0 0 0 0 2 0 0
170 2 0 0 0 0 0 0 0 0
171 2 0 0 0 0 0 0 0 0
172 2 0 0 0 0 0 0 0 0
173 2 0 0 0 0 0 0 0 0
175 36 0 0 0 0 0 36 34 34
176 36 0 0 0 0 0 36 0 0
177 36 0 0 0 0 0 36 0 0
178 36 0 0 0 0 0 36 0 0
179 36 0 0 0 0 0 0 0 0
180 36 0 0 0 0 0 0 0 0
181 36 0 0 0 0 0 0 0 0
182 2 0 0 2 0 0 0 0 0
197 7 1 1 0 0 0 0 0 0
198 7 0 0 0 0 0 0 0 0
199 7 2 1 0 0 0 0 0 0
200 4 0 0 0 0 0 0 0 0
201 4 0 0 0 0 0 0 0 0
202 2 0 0 0 0 0 0 0 0
203 2 0 0 0 0 0 0 0 0
227 3 0 0 0 0 0 3 1 1
228 3 0 0 0 0 0 3 0 0
230 3 0 0 3 0 0 0 0 0
233 2 0 0 0 0 0 2 0 0
234 2 0 0 0 0 0 2 0 0
236 2 0 0 2 0 0 0 0 0
239 2 0 0 0 0 0 2 0 0
240 2 0 0 0 0 0 2 0 0
242 2 0 0 2 0 0 0 0 0
fl=/build/glibc-mXZSwJ/glibc-2.24/string/../sysdeps/x86_64/multiarch/../strchr.S
fn=index
24 7 1 1 0 0 0 0 0 0
25 7 0 0 0 0 0 0 0 0
26 7 0 0 0 0 0 0 0 0
27 7 0 0 0 0 0 0 0 0
28 7 0 0 0 0 0 0 0 0
29 7 0 0 0 0 0 0 0 0
30 7 0 0 0 0 0 0 0 0
31 7 0 0 0 0 0 0 0 0
32 7 0 0 7 2 2 0 0 0
33 7 0 0 0 0 0 0 0 0
34 7 0 0 0 0 0 0 0 0
35 7 0 0 0 0 0 0 0 0
36 7 0 0 0 0 0 0 0 0
37 7 0 0 0 0 0 0 0 0
38 7 0 0 0 0 0 0 0 0
39 7 1 1 0 0 0 0 0 0
40 7 0 0 0 0 0 0 0 0
41 5 0 0 0 0 0 0 0 0
45 5 0 0 0 0 0 0 0 0
46 5 0 0 0 0 0 0 0 0
47 5 0 0 5 0 0 0 0 0
48 5 0 0 0 0 0 0 0 0
50 5 0 0 5 0 0 0 0 0
54 2 0 0 2 0 0 0 0 0
55 2 0 0 0 0 0 0 0 0
56 2 0 0 0 0 0 0 0 0
57 2 0 0 0 0 0 0 0 0
58 2 0 0 0 0 0 0 0 0
59 2 0 0 0 0 0 0 0 0
60 2 0 0 2 0 0 0 0 0
61 2 0 0 0 0 0 0 0 0
62 2 0 0 0 0 0 0 0 0
63 2 1 1 0 0 0 0 0 0
64 2 0 0 0 0 0 0 0 0
65 2 0 0 0 0 0 0 0 0
66 2 0 0 0 0 0 0 0 0
67 2 0 0 2 2 2 0 0 0
68 2 0 0 0 0 0 0 0 0
69 2 0 0 0 0 0 0 0 0
70 2 0 0 0 0 0 0 0 0
71 2 0 0 0 0 0 0 0 0
72 2 0 0 0 0 0 0 0 0
73 2 0 0 0 0 0 0 0 0
74 2 0 0 0 0 0 0 0 0
75 2 0 0 0 0 0 0 0 0
76 2 0 0 0 0 0 0 0 0
77 2 0 0 0 0 0 0 0 0
129 2 1 1 0 0 0 0 0 0
133 2 0 0 0 0 0 0 0 0
134 2 0 0 0 0 0 0 0 0
135 2 0 0 2 0 0 0 0 0
136 2 0 0 0 0 0 0 0 0
138 2 0 0 2 0 0 0 0 0
fl=/build/glibc-mXZSwJ/glibc-2.24/string/../sysdeps/x86_64/multiarch/../strcmp.S
fn=strcmp
144 189 1 1 0 0 0 0 0 0
145 189 0 0 0 0 0 0 0 0
147 189 0 0 0 0 0 0 0 0
148 189 0 0 0 0 0 0 0 0
169 189 0 0 0 0 0 0 0 0
170 189 0 0 0 0 0 0 0 0
171 145 0 0 0 0 0 0 0 0
172 145 0 0 0 0 0 0 0 0
173 140 0 0 140 7 5 0 0 0
174 140 0 0 140 3 0 0 0 0
175 140 0 0 140 0 0 0 0 0
176 140 0 0 140 0 0 0 0 0
197 140 0 0 0 0 0 0 0 0
198 140 0 0 0 0 0 0 0 0
199 140 0 0 0 0 0 0 0 0
200 140 0 0 0 0 0 0 0 0
201 140 0 0 0 0 0 0 0 0
202 140 0 0 0 0 0 0 0 0
203 140 0 0 0 0 0 0 0 0
208 3 0 0 0 0 0 0 0 0
209 3 0 0 0 0 0 0 0 0
218 52 1 1 0 0 0 0 0 0
219 52 0 0 0 0 0 0 0 0
220 52 0 0 0 0 0 0 0 0
221 52 0 0 0 0 0 0 0 0
222 52 1 1 0 0 0 0 0 0
223 52 0 0 0 0 0 0 0 0
224 52 0 0 0 0 0 0 0 0
225 52 0 0 0 0 0 0 0 0
226 50 0 0 0 0 0 0 0 0
227 6 0 0 0 0 0 0 0 0
228 6 0 0 0 0 0 0 0 0
229 6 0 0 0 0 0 0 0 0
231 50 0 0 0 0 0 0 0 0
232 50 0 0 0 0 0 0 0 0
233 50 0 0 0 0 0 0 0 0
234 50 0 0 50 5 2 0 0 0
235 50 0 0 0 0 0 0 0 0
236 50 0 0 0 0 0 0 0 0
246 2 0 0 2 0 0 0 0 0
247 2 0 0 0 0 0 0 0 0
248 2 0 0 0 0 0 0 0 0
250 2 0 0 2 0 0 0 0 0
256 2 1 1 0 0 0 0 0 0
257 2 0 0 0 0 0 0 0 0
258 2 0 0 0 0 0 0 0 0
259 2 0 0 0 0 0 0 0 0
260 2 0 0 0 0 0 0 0 0
265 2 0 0 0 0 0 0 0 0
267 2 0 0 0 0 0 0 0 0
268 2 0 0 0 0 0 0 0 0
269 4 0 0 0 0 0 0 0 0
277 2 0 0 2 0 0 0 0 0
278 2 0 0 2 0 0 0 0 0
281 2 0 0 0 0 0 0 0 0
282 2 1 1 0 0 0 0 0 0
283 2 0 0 0 0 0 0 0 0
284 2 0 0 0 0 0 0 0 0
285 2 0 0 0 0 0 0 0 0
286 2 0 0 0 0 0 0 0 0
946 1 1 1 0 0 0 0 0 0
947 1 0 0 1 0 0 0 0 0
948 1 0 0 1 1 0 0 0 0
949 1 0 0 0 0 0 0 0 0
950 1 0 0 0 0 0 0 0 0
952 1 0 0 0 0 0 0 0 0
953 1 0 0 0 0 0 0 0 0
954 1 0 0 0 0 0 0 0 0
955 1 0 0 0 0 0 0 0 0
956 1 0 0 0 0 0 0 0 0
957 1 0 0 0 0 0 0 0 0
958 1 0 0 0 0 0 0 0 0
959 1 1 1 1 0 0 0 0 0
963 1 0 0 0 0 0 0 0 0
964 1 0 0 0 0 0 0 0 0
965 1 0 0 0 0 0 0 0 0
971 1 0 0 0 0 0 0 0 0
972 1 0 0 0 0 0 0 0 0
973 2 0 0 0 0 0 0 0 0
977 1 0 0 0 0 0 0 0 0
978 1 0 0 0 0 0 0 0 0
981 1 0 0 1 1 1 0 0 0
982 1 1 1 1 0 0 0 0 0
983 1 0 0 0 0 0 0 0 0
986 1 0 0 0 0 0 0 0 0
987 1 0 0 0 0 0 0 0 0
988 1 0 0 0 0 0 0 0 0
994 1 0 0 0 0 0 0 0 0
995 1 0 0 0 0 0 0 0 0
996 1 0 0 0 0 0 0 0 0
997 1 0 0 0 0 0 0 0 0
998 1 0 0 0 0 0 0 0 0
999 1 0 0 0 0 0 0 0 0
1196 6 1 1 0 0 0 0 0 0
1197 6 0 0 6 0 0 0 0 0
1198 6 0 0 6 0 0 0 0 0
1199 6 0 0 0 0 0 0 0 0
1200 6 0 0 0 0 0 0 0 0
1202 6 0 0 0 0 0 0 0 0
1203 6 0 0 0 0 0 0 0 0
1204 6 0 0 0 0 0 0 0 0
1205 6 0 0 0 0 0 0 0 0
1206 6 0 0 0 0 0 0 0 0
1207 6 0 0 0 0 0 0 0 0
1208 6 0 0 0 0 0 0 0 0
1209 1 1 1 1 0 0 0 0 0
1213 1 0 0 0 0 0 0 0 0
1214 1 0 0 0 0 0 0 0 0
1215 1 0 0 0 0 0 0 0 0
1221 1 0 0 0 0 0 0 0 0
1222 1 0 0 0 0 0 0 0 0
1223 2 0 0 0 0 0 0 0 0
1227 1 0 0 0 0 0 0 0 0
1228 1 0 0 0 0 0 0 0 0
1231 1 0 0 1 0 0 0 0 0
1232 1 1 1 1 1 1 0 0 0
1233 1 0 0 0 0 0 0 0 0
1236 1 0 0 0 0 0 0 0 0
1237 1 0 0 0 0 0 0 0 0
1238 1 0 0 0 0 0 0 0 0
1244 1 0 0 0 0 0 0 0 0
1245 1 0 0 0 0 0 0 0 0
1246 1 0 0 0 0 0 0 0 0
1247 1 0 0 0 0 0 0 0 0
1248 1 0 0 0 0 0 0 0 0
1249 1 0 0 0 0 0 0 0 0
1321 18 1 1 0 0 0 0 0 0
1322 18 0 0 18 0 0 0 0 0
1323 18 0 0 18 0 0 0 0 0
1324 18 0 0 0 0 0 0 0 0
1325 18 0 0 0 0 0 0 0 0
1327 18 0 0 0 0 0 0 0 0
1328 18 0 0 0 0 0 0 0 0
1329 18 0 0 0 0 0 0 0 0
1330 18 0 0 0 0 0 0 0 0
1331 18 0 0 0 0 0 0 0 0
1332 18 0 0 0 0 0 0 0 0
1333 18 0 0 0 0 0 0 0 0
1571 1 1 1 0 0 0 0 0 0
1572 1 0 0 1 1 1 0 0 0
1573 1 0 0 1 0 0 0 0 0
1574 1 0 0 0 0 0 0 0 0
1575 1 0 0 0 0 0 0 0 0
1577 1 0 0 0 0 0 0 0 0
1578 1 0 0 0 0 0 0 0 0
1579 1 0 0 0 0 0 0 0 0
1580 1 0 0 0 0 0 0 0 0
1581 1 0 0 0 0 0 0 0 0
1582 1 0 0 0 0 0 0 0 0
1583 1 0 0 0 0 0 0 0 0
1584 1 1 1 1 0 0 0 0 0
1588 1 0 0 0 0 0 0 0 0
1589 1 0 0 0 0 0 0 0 0
1590 1 0 0 0 0 0 0 0 0
1596 1 0 0 0 0 0 0 0 0
1597 1 0 0 0 0 0 0 0 0
1598 2 0 0 0 0 0 0 0 0
1602 1 0 0 0 0 0 0 0 0
1603 1 0 0 0 0 0 0 0 0
1606 1 0 0 1 0 0 0 0 0
1607 1 1 1 1 1 1 0 0 0
1608 1 0 0 0 0 0 0 0 0
1611 1 0 0 0 0 0 0 0 0
1612 1 0 0 0 0 0 0 0 0
1613 1 0 0 0 0 0 0 0 0
1619 1 0 0 0 0 0 0 0 0
1620 1 0 0 0 0 0 0 0 0
1621 1 0 0 0 0 0 0 0 0
1622 1 0 0 0 0 0 0 0 0
1623 1 0 0 0 0 0 0 0 0
1624 1 0 0 0 0 0 0 0 0
1696 2 2 1 0 0 0 0 0 0
1697 2 0 0 2 2 2 0 0 0
1698 2 0 0 2 0 0 0 0 0
1699 2 0 0 0 0 0 0 0 0
1700 2 0 0 0 0 0 0 0 0
1702 2 0 0 0 0 0 0 0 0
1703 2 0 0 0 0 0 0 0 0
1704 2 0 0 0 0 0 0 0 0
1705 2 0 0 0 0 0 0 0 0
1706 2 0 0 0 0 0 0 0 0
1707 2 0 0 0 0 0 0 0 0
1708 2 0 0 0 0 0 0 0 0
1709 1 1 1 1 0 0 0 0 0
1713 1 0 0 0 0 0 0 0 0
1714 1 0 0 0 0 0 0 0 0
1715 1 0 0 0 0 0 0 0 0
1721 1 0 0 0 0 0 0 0 0
1722 1 0 0 0 0 0 0 0 0
1723 2 0 0 0 0 0 0 0 0
1727 1 0 0 0 0 0 0 0 0
1728 1 0 0 0 0 0 0 0 0
1731 1 0 0 1 0 0 0 0 0
1732 1 1 1 1 0 0 0 0 0
1733 1 0 0 0 0 0 0 0 0
1736 1 0 0 0 0 0 0 0 0
1737 1 0 0 0 0 0 0 0 0
1738 1 0 0 0 0 0 0 0 0
1744 1 0 0 0 0 0 0 0 0
1745 1 0 0 0 0 0 0 0 0
1746 1 0 0 0 0 0 0 0 0
1747 1 0 0 0 0 0 0 0 0
1748 1 0 0 0 0 0 0 0 0
1749 1 0 0 0 0 0 0 0 0
1821 2 1 1 0 0 0 0 0 0
1822 2 0 0 2 1 0 0 0 0
1823 2 0 0 2 1 1 0 0 0
1824 2 0 0 0 0 0 0 0 0
1825 2 0 0 0 0 0 0 0 0
1827 2 0 0 0 0 0 0 0 0
1828 2 0 0 0 0 0 0 0 0
1829 2 0 0 0 0 0 0 0 0
1830 2 0 0 0 0 0 0 0 0
1831 2 0 0 0 0 0 0 0 0
1832 2 0 0 0 0 0 0 0 0
1833 2 0 0 0 0 0 0 0 0
1834 2 1 1 2 0 0 0 0 0
1838 2 0 0 0 0 0 0 0 0
1839 2 0 0 0 0 0 0 0 0
1840 2 0 0 0 0 0 0 0 0
1846 2 0 0 0 0 0 0 0 0
1847 2 0 0 0 0 0 0 0 0
1848 4 0 0 0 0 0 0 0 0
1852 2 0 0 0 0 0 0 0 0
1853 2 0 0 0 0 0 0 0 0
1856 2 0 0 2 1 1 0 0 0
1857 2 1 1 2 0 0 0 0 0
1858 2 0 0 0 0 0 0 0 0
1861 2 0 0 0 0 0 0 0 0
1862 2 0 0 0 0 0 0 0 0
1863 2 0 0 0 0 0 0 0 0
1869 2 0 0 0 0 0 0 0 0
1870 2 0 0 0 0 0 0 0 0
1871 2 0 0 0 0 0 0 0 0
1872 2 0 0 0 0 0 0 0 0
1873 2 0 0 0 0 0 0 0 0
1874 2 0 0 0 0 0 0 0 0
1881 1 0 0 0 0 0 0 0 0
1882 1 0 0 0 0 0 0 0 0
1884 1 0 0 0 0 0 0 0 0
1885 1 0 0 0 0 0 0 0 0
1887 1 1 1 1 0 0 0 0 0
1888 1 0 0 1 0 0 0 0 0
1889 1 0 0 0 0 0 0 0 0
1892 1 0 0 0 0 0 0 0 0
1893 1 0 0 0 0 0 0 0 0
1894 1 0 0 0 0 0 0 0 0
1900 1 0 0 0 0 0 0 0 0
1901 1 0 0 0 0 0 0 0 0
1902 1 0 0 0 0 0 0 0 0
1903 1 0 0 0 0 0 0 0 0
1904 1 0 0 0 0 0 0 0 0
1905 1 0 0 0 0 0 0 0 0
1946 20 1 1 0 0 0 0 0 0
1947 20 0 0 20 0 0 0 0 0
1948 20 0 0 20 1 0 0 0 0
1949 20 0 0 0 0 0 0 0 0
1950 20 0 0 0 0 0 0 0 0
1952 20 0 0 0 0 0 0 0 0
1953 20 0 0 0 0 0 0 0 0
1954 20 0 0 0 0 0 0 0 0
1955 20 0 0 0 0 0 0 0 0
1956 20 0 0 0 0 0 0 0 0
1957 20 0 0 0 0 0 0 0 0
1958 20 0 0 0 0 0 0 0 0
2200 8 0 0 0 0 0 0 0 0
2202 52 1 1 0 0 0 0 0 0
2203 52 0 0 0 0 0 0 0 0
2204 52 0 0 0 0 0 0 0 0
2205 52 0 0 0 0 0 0 0 0
2206 18 0 0 0 0 0 0 0 0
2211 189 0 0 0 0 0 0 0 0
2217 189 0 0 189 0 0 0 0 0
2218 189 0 0 189 0 0 0 0 0
2226 189 0 0 0 0 0 0 0 0
2227 189 0 0 189 0 0 0 0 0
fl=/build/glibc-mXZSwJ/glibc-2.24/string/../sysdeps/x86_64/multiarch/../strcspn.S
fn=strcspn
33 1 1 1 0 0 0 0 0 0
40 1 0 0 0 0 0 0 0 0
41 1 0 0 0 0 0 0 0 0
43 1 0 0 0 0 0 0 0 0
44 1 0 0 0 0 0 0 0 0
45 1 0 0 0 0 0 0 0 0
46 1 0 0 0 0 0 0 0 0
47 33 0 0 0 0 0 32 4 4
50 2 0 0 0 0 0 0 0 0
57 1 1 1 1 0 0 0 0 0
58 1 0 0 0 0 0 0 0 0
59 1 0 0 0 0 0 0 0 0
60 1 0 0 0 0 0 1 0 0
62 1 0 0 1 0 0 0 0 0
63 1 0 0 0 0 0 0 0 0
64 1 0 0 0 0 0 0 0 0
65 1 0 0 0 0 0 1 0 0
67 1 0 0 1 0 0 0 0 0
68 1 0 0 0 0 0 0 0 0
69 1 0 0 0 0 0 0 0 0
78 3 0 0 0 0 0 0 0 0
90 12 1 1 0 0 0 0 0 0
92 12 0 0 12 0 0 0 0 0
93 12 0 0 12 0 0 0 0 0
94 12 0 0 0 0 0 0 0 0
96 12 0 0 12 0 0 0 0 0
97 12 0 0 12 0 0 0 0 0
98 12 0 0 0 0 0 0 0 0
100 12 0 0 12 0 0 0 0 0
101 12 0 0 12 0 0 0 0 0
102 12 0 0 0 0 0 0 0 0
104 12 0 0 12 0 0 0 0 0
105 12 0 0 12 0 0 0 0 0
106 12 0 0 0 0 0 0 0 0
108 1 0 0 0 0 0 0 0 0
109 1 0 0 0 0 0 0 0 0
110 1 0 0 0 0 0 0 0 0
112 1 0 0 0 0 0 0 0 0
119 1 0 0 0 0 0 0 0 0
123 1 0 0 1 0 0 0 0 0
fl=/build/glibc-mXZSwJ/glibc-2.24/string/../sysdeps/x86_64/multiarch/memmove.S
fn=memmove
29 1 1 1 1 0 0 0 0 0
30 1 0 0 0 0 0 0 0 0
31 1 0 0 1 0 0 0 0 0
32 1 0 0 0 0 0 0 0 0
33 1 1 1 1 0 0 0 0 0
34 1 0 0 0 0 0 0 0 0
43 1 1 1 0 0 0 0 0 0
44 1 0 0 1 0 0 0 0 0
45 1 0 0 0 0 0 0 0 0
51 1 0 0 0 0 0 0 0 0
52 1 0 0 1 0 0 0 0 0
53 1 0 0 0 0 0 0 0 0
54 1 0 0 1 0 0 0 0 0
55 1 1 1 0 0 0 0 0 0
65 1 0 0 1 0 0 0 0 0
fl=/build/glibc-mXZSwJ/glibc-2.24/string/../sysdeps/x86_64/multiarch/strcmp.S
fn=strcasecmp
109 1 1 1 1 0 0 0 0 0
110 1 0 0 0 0 0 0 0 0
111 1 0 0 1 1 0 0 0 0
112 1 0 0 0 0 0 0 0 0
122 1 1 1 1 0 0 0 0 0
fn=strncasecmp
129 1 1 1 1 0 0 0 0 0
130 1 0 0 0 0 0 0 0 0
131 1 0 0 1 0 0 0 0 0
132 1 0 0 0 0 0 0 0 0
142 1 1 1 1 0 0 0 0 0
fl=/build/glibc-mXZSwJ/glibc-2.24/string/../sysdeps/x86_64/multiarch/strcspn.S
fn=strcspn
45 1 1 1 1 0 0 0 0 0
46 1 0 0 0 0 0 0 0 0
47 1 0 0 1 1 0 0 0 0
48 1 0 0 0 0 0 0 0 0
49 1 0 0 0 0 0 0 0 0
50 1 0 0 1 0 0 0 0 0
fn=strpbrk
45 1 1 1 1 0 0 0 0 0
46 1 0 0 0 0 0 0 0 0
47 1 0 0 1 0 0 0 0 0
48 1 0 0 0 0 0 0 0 0
49 1 0 0 0 0 0 0 0 0
50 1 0 0 1 0 0 0 0 0
fl=/build/glibc-mXZSwJ/glibc-2.24/string/../sysdeps/x86_64/multiarch/strspn.S
fn=strspn
30 1 1 1 1 0 0 0 0 0
31 1 0 0 0 0 0 0 0 0
32 1 0 0 1 0 0 0 0 0
33 1 0 0 0 0 0 0 0 0
34 1 0 0 0 0 0 0 0 0
35 1 0 0 1 0 0 0 0 0
fl=/build/glibc-mXZSwJ/glibc-2.24/string/../sysdeps/x86_64/strchr.S
fn=strchrnul
24 63 1 1 0 0 0 0 0 0
25 63 0 0 0 0 0 0 0 0
26 63 0 0 0 0 0 0 0 0
27 63 0 0 0 0 0 0 0 0
28 63 0 0 0 0 0 0 0 0
29 63 0 0 0 0 0 0 0 0
30 63 0 0 0 0 0 0 0 0
31 63 0 0 0 0 0 0 0 0
32 63 0 0 63 2 2 0 0 0
33 63 0 0 0 0 0 0 0 0
34 63 0 0 0 0 0 0 0 0
35 63 0 0 0 0 0 0 0 0
36 63 0 0 0 0 0 0 0 0
37 63 0 0 0 0 0 0 0 0
38 63 0 0 0 0 0 0 0 0
39 63 1 1 0 0 0 0 0 0
40 63 0 0 0 0 0 0 0 0
41 63 0 0 0 0 0 0 0 0
43 63 0 0 0 0 0 0 0 0
50 63 0 0 63 0 0 0 0 0
fl=/build/glibc-mXZSwJ/glibc-2.24/string/../sysdeps/x86_64/strlen.S
fn=strlen
66 14 2 2 0 0 0 0 0 0
67 14 0 0 0 0 0 0 0 0
68 14 0 0 0 0 0 0 0 0
69 14 0 0 0 0 0 0 0 0
70 14 1 1 0 0 0 0 0 0
71 14 0 0 0 0 0 0 0 0
72 14 0 0 0 0 0 0 0 0
74 14 0 0 0 0 0 0 0 0
76 14 0 0 0 0 0 0 0 0
106 13 0 0 13 1 1 0 0 0
107 13 0 0 0 0 0 0 0 0
108 13 1 1 0 0 0 0 0 0
109 13 0 0 0 0 0 0 0 0
110 13 0 0 0 0 0 0 0 0
111 6 0 0 0 0 0 0 0 0
112 6 0 0 6 0 0 0 0 0
116 7 0 0 0 0 0 0 0 0
117 7 0 0 7 0 0 0 0 0
118 7 0 0 7 1 1 0 0 0
119 7 0 0 7 0 0 0 0 0
120 7 1 1 0 0 0 0 0 0
121 7 0 0 0 0 0 0 0 0
122 7 0 0 0 0 0 0 0 0
123 7 0 0 0 0 0 0 0 0
124 7 0 0 0 0 0 0 0 0
125 7 0 0 0 0 0 0 0 0
126 7 0 0 0 0 0 0 0 0
127 7 0 0 0 0 0 0 0 0
132 56 0 0 7 0 0 0 0 0
136 1 1 1 0 0 0 0 0 0
137 14 1 1 4 0 0 0 0 0
138 8 0 0 1 0 0 0 0 0
fl=/build/glibc-mXZSwJ/glibc-2.24/string/../sysdeps/x86_64/strrchr.S
fn=rindex
24 1 1 1 0 0 0 0 0 0
25 1 0 0 0 0 0 0 0 0
26 1 0 0 0 0 0 0 0 0
27 1 0 0 0 0 0 0 0 0
28 1 0 0 0 0 0 0 0 0
29 1 0 0 0 0 0 0 0 0
30 1 0 0 0 0 0 0 0 0
31 1 0 0 0 0 0 0 0 0
32 1 0 0 1 1 0 0 0 0
33 1 0 0 0 0 0 0 0 0
34 1 1 1 0 0 0 0 0 0
35 1 0 0 0 0 0 0 0 0
36 1 0 0 0 0 0 0 0 0
37 1 0 0 0 0 0 0 0 0
38 1 0 0 0 0 0 0 0 0
39 1 0 0 0 0 0 0 0 0
40 1 0 0 0 0 0 0 0 0
41 1 0 0 0 0 0 0 0 0
42 1 0 0 0 0 0 0 0 0
43 1 0 0 0 0 0 0 0 0
44 1 0 0 0 0 0 0 0 0
45 1 0 0 0 0 0 0 0 0
46 1 0 0 0 0 0 0 0 0
47 1 0 0 1 0 0 0 0 0
fl=/build/glibc-mXZSwJ/glibc-2.24/string/strdup.c
fn=strdup
40 12 1 1 0 0 0 6 0 0
41 6 0 0 0 0 0 3 0 0
42 6 0 0 0 0 0 3 0 0
44 6 0 0 0 0 0 0 0 0
47 12 0 0 0 0 0 0 0 0
48 9 0 0 6 0 0 0 0 0
fl=/build/glibc-mXZSwJ/glibc-2.24/time/../sysdeps/generic/dl-hash.h
fn=gettimeofday
45 12 0 0 4 0 0 0 0 0
48 12 1 1 0 0 0 0 0 0
62 16 0 0 0 0 0 0 0 0
67 1 0 0 0 0 0 0 0 0
fn=time
45 12 1 1 4 1 1 0 0 0
48 12 0 0 0 0 0 0 0 0
62 16 0 0 0 0 0 0 0 0
67 1 0 0 0 0 0 0 0 0
fl=/build/glibc-mXZSwJ/glibc-2.24/time/../sysdeps/unix/sysv/linux/x86/gettimeofday.c
fn=gettimeofday
36 1 0 0 0 0 0 0 0 0
37 10 2 2 0 0 0 4 0 0
40 3 0 0 0 0 0 1 0 0
41 3 0 0 0 0 0 0 0 0
42 2 0 0 1 0 0 0 0 0
fl=/build/glibc-mXZSwJ/glibc-2.24/time/../sysdeps/unix/sysv/linux/x86/time.c
fn=time
37 1 0 0 0 0 0 0 0 0
38 10 2 2 0 0 0 4 0 0
41 3 0 0 0 0 0 1 0 0
42 3 0 0 0 0 0 0 0 0
43 2 0 0 1 0 0 0 0 0
fl=???
fn=???
0 197 19 15 111 6 0 17 1 1
fn=Queue_Add
0 1317 3 3 382 0 0 130 0 0
fn=Queue_Init
0 10 1 1 4 0 0 4 0 0
fn=Queue_Remove
0 440 2 2 165 0 0 55 0 0
fn=__libc_csu_init
0 34 3 3 8 0 0 8 0 0
fn=_start
0 11 2 2 2 0 0 3 0 0
fn=main
0 248 4 4 113 1 0 41 0 0
summary: 187845 972 962 46890 2390 1959 15784 568 517
